Time	V(N001)	V(N002)	I(V1)	I(R1)	I(L1)	
0	0	0	0	0	0	
0.001	0.313953	0.313953	5.55112e-17	0	0	
0.002	0.626666	0.312714	-0.000313953	-0.000313953	-0.000313953	
0.003	0.936907	0.31024	-0.000626666	-0.000626666	-0.000626666	
0.004	1.24345	0.306543	-0.000936907	-0.000936907	-0.000936907	
0.005	1.54508	0.301636	-0.00124345	-0.00124345	-0.00124345	
0.006	1.84062	0.295538	-0.00154508	-0.00154508	-0.00154508	
0.007	2.1289	0.288274	-0.00184062	-0.00184062	-0.00184062	
0.008	2.40877	0.279872	-0.0021289	-0.0021289	-0.0021289	
0.009	2.67913	0.270366	-0.00240877	-0.00240877	-0.00240877	
0.01	2.93893	0.259792	-0.00267913	-0.00267913	-0.00267913	
0.011	3.18712	0.248194	-0.00293893	-0.00293893	-0.00293893	
0.012	3.42274	0.235616	-0.00318712	-0.00318712	-0.00318712	
0.013	3.64484	0.222108	-0.00342274	-0.00342274	-0.00342274	
0.014	3.85257	0.207723	-0.00364484	-0.00364484	-0.00364484	
0.015	4.04508	0.192519	-0.00385257	-0.00385257	-0.00385257	
0.016	4.22164	0.176555	-0.00404508	-0.00404508	-0.00404508	
0.017	4.38153	0.159894	-0.00422164	-0.00422164	-0.00422164	
0.018	4.52414	0.142602	-0.00438153	-0.00438153	-0.00438153	
0.019	4.64888	0.124747	-0.00452414	-0.00452414	-0.00452414	
0.02	4.75528	0.1064	-0.00464888	-0.00464888	-0.00464888	
0.021	4.84292	0.0876332	-0.00475528	-0.00475528	-0.00475528	
0.022	4.91144	0.0685204	-0.00484292	-0.00484292	-0.00484292	
0.023	4.96057	0.0491373	-0.00491144	-0.00491144	-0.00491144	
0.024	4.99013	0.0295601	-0.00496057	-0.00496057	-0.00496057	
0.025	5	0.00986636	-0.00499013	-0.00499013	-0.00499013	
0.026	4.99013	-0.00986636	-0.005	-0.005	-0.005	
0.027	4.96057	-0.0295601	-0.00499013	-0.00499013	-0.00499013	
0.028	4.91144	-0.0491373	-0.00496057	-0.00496057	-0.00496057	
0.029	4.84292	-0.0685204	-0.00491144	-0.00491144	-0.00491144	
0.03	4.75528	-0.0876332	-0.00484292	-0.00484292	-0.00484292	
0.031	4.64888	-0.1064	-0.00475528	-0.00475528	-0.00475528	
0.032	4.52414	-0.124747	-0.00464888	-0.00464888	-0.00464888	
0.033	4.38153	-0.142602	-0.00452414	-0.00452414	-0.00452414	
0.034	4.22164	-0.159894	-0.00438153	-0.00438153	-0.00438153	
0.035	4.04508	-0.176555	-0.00422164	-0.00422164	-0.00422164	
0.036	3.85257	-0.192519	-0.00404508	-0.00404508	-0.00404508	
0.037	3.64484	-0.207723	-0.00385257	-0.00385257	-0.00385257	
0.038	3.42274	-0.222108	-0.00364484	-0.00364484	-0.00364484	
0.039	3.18712	-0.235616	-0.00342274	-0.00342274	-0.00342274	
0.04	2.93893	-0.248194	-0.00318712	-0.00318712	-0.00318712	
0.041	2.67913	-0.259792	-0.00293893	-0.00293893	-0.00293893	
0.042	2.40877	-0.270366	-0.00267913	-0.00267913	-0.00267913	
0.043	2.1289	-0.279872	-0.00240877	-0.00240877	-0.00240877	
0.044	1.84062	-0.288274	-0.0021289	-0.0021289	-0.0021289	
0.045	1.54508	-0.295538	-0.00184062	-0.00184062	-0.00184062	
0.046	1.24345	-0.301636	-0.00154508	-0.00154508	-0.00154508	
0.047	0.936907	-0.306543	-0.00124345	-0.00124345	-0.00124345	
0.048	0.626666	-0.31024	-0.000936907	-0.000936907	-0.000936907	
0.049	0.313953	-0.312714	-0.000626666	-0.000626666	-0.000626666	
0.05	-1.04899e-14	-0.313953	-0.000313953	-0.000313953	-0.000313953	
0.051	-0.313953	-0.313953	-5.55112e-17	1.04916e-17	1.05168e-17	
0.052	-0.626666	-0.312714	0.000313953	0.000313953	0.000313953	
0.053	-0.936907	-0.31024	0.000626666	0.000626666	0.000626666	
0.054	-1.24345	-0.306543	0.000936907	0.000936907	0.000936907	
0.055	-1.54508	-0.301636	0.00124345	0.00124345	0.00124345	
0.056	-1.84062	-0.295538	0.00154508	0.00154508	0.00154508	
0.057	-2.1289	-0.288274	0.00184062	0.00184062	0.00184062	
0.058	-2.40877	-0.279872	0.0021289	0.0021289	0.0021289	
0.059	-2.67913	-0.270366	0.00240877	0.00240877	0.00240877	
0.06	-2.93893	-0.259792	0.00267913	0.00267913	0.00267913	
0.061	-3.18712	-0.248194	0.00293893	0.00293893	0.00293893	
0.062	-3.42274	-0.235616	0.00318712	0.00318712	0.00318712	
0.063	-3.64484	-0.222108	0.00342274	0.00342274	0.00342274	
0.064	-3.85257	-0.207723	0.00364484	0.00364484	0.00364484	
0.065	-4.04508	-0.192519	0.00385257	0.00385257	0.00385257	
0.066	-4.22164	-0.176555	0.00404508	0.00404508	0.00404508	
0.067	-4.38153	-0.159894	0.00422164	0.00422164	0.00422164	
0.068	-4.52414	-0.142602	0.00438153	0.00438153	0.00438153	
0.069	-4.64888	-0.124747	0.00452414	0.00452414	0.00452414	
0.07	-4.75528	-0.1064	0.00464888	0.00464888	0.00464888	
0.071	-4.84292	-0.0876332	0.00475528	0.00475528	0.00475528	
0.072	-4.91144	-0.0685204	0.00484292	0.00484292	0.00484292	
0.073	-4.96057	-0.0491373	0.00491144	0.00491144	0.00491144	
0.074	-4.99013	-0.0295601	0.00496057	0.00496057	0.00496057	
0.075	-5	-0.00986636	0.00499013	0.00499013	0.00499013	
0.076	-4.99013	0.00986636	0.005	0.005	0.005	
0.077	-4.96057	0.0295601	0.00499013	0.00499013	0.00499013	
0.078	-4.91144	0.0491373	0.00496057	0.00496057	0.00496057	
0.079	-4.84292	0.0685204	0.00491144	0.00491144	0.00491144	
0.08	-4.75528	0.0876332	0.00484292	0.00484292	0.00484292	
0.081	-4.64888	0.1064	0.00475528	0.00475528	0.00475528	
0.082	-4.52414	0.124747	0.00464888	0.00464888	0.00464888	
0.083	-4.38153	0.142602	0.00452414	0.00452414	0.00452414	
0.084	-4.22164	0.159894	0.00438153	0.00438153	0.00438153	
0.085	-4.04508	0.176555	0.00422164	0.00422164	0.00422164	
0.086	-3.85257	0.192519	0.00404508	0.00404508	0.00404508	
0.087	-3.64484	0.207723	0.00385257	0.00385257	0.00385257	
0.088	-3.42274	0.222108	0.00364484	0.00364484	0.00364484	
0.089	-3.18712	0.235616	0.00342274	0.00342274	0.00342274	
0.09	-2.93893	0.248194	0.00318712	0.00318712	0.00318712	
0.091	-2.67913	0.259792	0.00293893	0.00293893	0.00293893	
0.092	-2.40877	0.270366	0.00267913	0.00267913	0.00267913	
0.093	-2.1289	0.279872	0.00240877	0.00240877	0.00240877	
0.094	-1.84062	0.288274	0.0021289	0.0021289	0.0021289	
0.095	-1.54508	0.295538	0.00184062	0.00184062	0.00184062	
0.096	-1.24345	0.301636	0.00154508	0.00154508	0.00154508	
0.097	-0.936907	0.306543	0.00124345	0.00124345	0.00124345	
0.098	-0.626666	0.31024	0.000936907	0.000936907	0.000936907	
0.099	-0.313953	0.312714	0.000626666	0.000626666	0.000626666	
0.1	2.09798e-14	0.313953	0.000313953	0.000313953	0.000313953	
0.101	0.313953	0.313953	5.55112e-17	-2.09832e-17	-2.09793e-17	
0.102	0.626666	0.312714	-0.000313953	-0.000313953	-0.000313953	
0.103	0.936907	0.31024	-0.000626666	-0.000626666	-0.000626666	
0.104	1.24345	0.306543	-0.000936907	-0.000936907	-0.000936907	
0.105	1.54508	0.301636	-0.00124345	-0.00124345	-0.00124345	
0.106	1.84062	0.295538	-0.00154508	-0.00154508	-0.00154508	
0.107	2.1289	0.288274	-0.00184062	-0.00184062	-0.00184062	
0.108	2.40877	0.279872	-0.0021289	-0.0021289	-0.0021289	
0.109	2.67913	0.270366	-0.00240877	-0.00240877	-0.00240877	
0.11	2.93893	0.259792	-0.00267913	-0.00267913	-0.00267913	
0.111	3.18712	0.248194	-0.00293893	-0.00293893	-0.00293893	
0.112	3.42274	0.235616	-0.00318712	-0.00318712	-0.00318712	
0.113	3.64484	0.222108	-0.00342274	-0.00342274	-0.00342274	
0.114	3.85257	0.207723	-0.00364484	-0.00364484	-0.00364484	
0.115	4.04508	0.192519	-0.00385257	-0.00385257	-0.00385257	
0.116	4.22164	0.176555	-0.00404508	-0.00404508	-0.00404508	
0.117	4.38153	0.159894	-0.00422164	-0.00422164	-0.00422164	
0.118	4.52414	0.142602	-0.00438153	-0.00438153	-0.00438153	
0.119	4.64888	0.124747	-0.00452414	-0.00452414	-0.00452414	
0.12	4.75528	0.1064	-0.00464888	-0.00464888	-0.00464888	
0.121	4.84292	0.0876332	-0.00475528	-0.00475528	-0.00475528	
0.122	4.91144	0.0685204	-0.00484292	-0.00484292	-0.00484292	
0.123	4.96057	0.0491373	-0.00491144	-0.00491144	-0.00491144	
0.124	4.99013	0.0295601	-0.00496057	-0.00496057	-0.00496057	
0.125	5	0.00986636	-0.00499013	-0.00499013	-0.00499013	
0.126	4.99013	-0.00986636	-0.005	-0.005	-0.005	
0.127	4.96057	-0.0295601	-0.00499013	-0.00499013	-0.00499013	
0.128	4.91144	-0.0491373	-0.00496057	-0.00496057	-0.00496057	
0.129	4.84292	-0.0685204	-0.00491144	-0.00491144	-0.00491144	
0.13	4.75528	-0.0876332	-0.00484292	-0.00484292	-0.00484292	
0.131	4.64888	-0.1064	-0.00475528	-0.00475528	-0.00475528	
0.132	4.52414	-0.124747	-0.00464888	-0.00464888	-0.00464888	
0.133	4.38153	-0.142602	-0.00452414	-0.00452414	-0.00452414	
0.134	4.22164	-0.159894	-0.00438153	-0.00438153	-0.00438153	
0.135	4.04508	-0.176555	-0.00422164	-0.00422164	-0.00422164	
0.136	3.85257	-0.192519	-0.00404508	-0.00404508	-0.00404508	
0.137	3.64484	-0.207723	-0.00385257	-0.00385257	-0.00385257	
0.138	3.42274	-0.222108	-0.00364484	-0.00364484	-0.00364484	
0.139	3.18712	-0.235616	-0.00342274	-0.00342274	-0.00342274	
0.14	2.93893	-0.248194	-0.00318712	-0.00318712	-0.00318712	
0.141	2.67913	-0.259792	-0.00293893	-0.00293893	-0.00293893	
0.142	2.40877	-0.270366	-0.00267913	-0.00267913	-0.00267913	
0.143	2.1289	-0.279872	-0.00240877	-0.00240877	-0.00240877	
0.144	1.84062	-0.288274	-0.0021289	-0.0021289	-0.0021289	
0.145	1.54508	-0.295538	-0.00184062	-0.00184062	-0.00184062	
0.146	1.24345	-0.301636	-0.00154508	-0.00154508	-0.00154508	
0.147	0.936907	-0.306543	-0.00124345	-0.00124345	-0.00124345	
0.148	0.626666	-0.31024	-0.000936907	-0.000936907	-0.000936907	
0.149	0.313953	-0.312714	-0.000626666	-0.000626666	-0.000626666	
0.15	-3.36902e-14	-0.313953	-0.000313953	-0.000313953	-0.000313953	
0.151	-0.313953	-0.313953	0	3.36953e-17	3.37187e-17	
0.152	-0.626666	-0.312714	0.000313953	0.000313953	0.000313953	
0.153	-0.936907	-0.31024	0.000626666	0.000626666	0.000626666	
0.154	-1.24345	-0.306543	0.000936907	0.000936907	0.000936907	
0.155	-1.54508	-0.301636	0.00124345	0.00124345	0.00124345	
0.156	-1.84062	-0.295538	0.00154508	0.00154508	0.00154508	
0.157	-2.1289	-0.288274	0.00184062	0.00184062	0.00184062	
0.158	-2.40877	-0.279872	0.0021289	0.0021289	0.0021289	
0.159	-2.67913	-0.270366	0.00240877	0.00240877	0.00240877	
0.16	-2.93893	-0.259792	0.00267913	0.00267913	0.00267913	
0.161	-3.18712	-0.248194	0.00293893	0.00293893	0.00293893	
0.162	-3.42274	-0.235616	0.00318712	0.00318712	0.00318712	
0.163	-3.64484	-0.222108	0.00342274	0.00342274	0.00342274	
0.164	-3.85257	-0.207723	0.00364484	0.00364484	0.00364484	
0.165	-4.04508	-0.192519	0.00385257	0.00385257	0.00385257	
0.166	-4.22164	-0.176555	0.00404508	0.00404508	0.00404508	
0.167	-4.38153	-0.159894	0.00422164	0.00422164	0.00422164	
0.168	-4.52414	-0.142602	0.00438153	0.00438153	0.00438153	
0.169	-4.64888	-0.124747	0.00452414	0.00452414	0.00452414	
0.17	-4.75528	-0.1064	0.00464888	0.00464888	0.00464888	
0.171	-4.84292	-0.0876332	0.00475528	0.00475528	0.00475528	
0.172	-4.91144	-0.0685204	0.00484292	0.00484292	0.00484292	
0.173	-4.96057	-0.0491373	0.00491144	0.00491144	0.00491144	
0.174	-4.99013	-0.0295601	0.00496057	0.00496057	0.00496057	
0.175	-5	-0.00986636	0.00499013	0.00499013	0.00499013	
0.176	-4.99013	0.00986636	0.005	0.005	0.005	
0.177	-4.96057	0.0295601	0.00499013	0.00499013	0.00499013	
0.178	-4.91144	0.0491373	0.00496057	0.00496057	0.00496057	
0.179	-4.84292	0.0685204	0.00491144	0.00491144	0.00491144	
0.18	-4.75528	0.0876332	0.00484292	0.00484292	0.00484292	
0.181	-4.64888	0.1064	0.00475528	0.00475528	0.00475528	
0.182	-4.52414	0.124747	0.00464888	0.00464888	0.00464888	
0.183	-4.38153	0.142602	0.00452414	0.00452414	0.00452414	
0.184	-4.22164	0.159894	0.00438153	0.00438153	0.00438153	
0.185	-4.04508	0.176555	0.00422164	0.00422164	0.00422164	
0.186	-3.85257	0.192519	0.00404508	0.00404508	0.00404508	
0.187	-3.64484	0.207723	0.00385257	0.00385257	0.00385257	
0.188	-3.42274	0.222108	0.00364484	0.00364484	0.00364484	
0.189	-3.18712	0.235616	0.00342274	0.00342274	0.00342274	
0.19	-2.93893	0.248194	0.00318712	0.00318712	0.00318712	
0.191	-2.67913	0.259792	0.00293893	0.00293893	0.00293893	
0.192	-2.40877	0.270366	0.00267913	0.00267913	0.00267913	
0.193	-2.1289	0.279872	0.00240877	0.00240877	0.00240877	
0.194	-1.84062	0.288274	0.0021289	0.0021289	0.0021289	
0.195	-1.54508	0.295538	0.00184062	0.00184062	0.00184062	
0.196	-1.24345	0.301636	0.00154508	0.00154508	0.00154508	
0.197	-0.936907	0.306543	0.00124345	0.00124345	0.00124345	
0.198	-0.626666	0.31024	0.000936907	0.000936907	0.000936907	
0.199	-0.313953	0.312714	0.000626666	0.000626666	0.000626666	
0.2	4.19597e-14	0.313953	0.000313953	0.000313953	0.000313953	
0.201	0.313953	0.313953	0	-4.19664e-17	-4.19586e-17	
0.202	0.626666	0.312714	-0.000313953	-0.000313953	-0.000313953	
0.203	0.936907	0.31024	-0.000626666	-0.000626666	-0.000626666	
0.204	1.24345	0.306543	-0.000936907	-0.000936907	-0.000936907	
0.205	1.54508	0.301636	-0.00124345	-0.00124345	-0.00124345	
0.206	1.84062	0.295538	-0.00154508	-0.00154508	-0.00154508	
0.207	2.1289	0.288274	-0.00184062	-0.00184062	-0.00184062	
0.208	2.40877	0.279872	-0.0021289	-0.0021289	-0.0021289	
0.209	2.67913	0.270366	-0.00240877	-0.00240877	-0.00240877	
0.21	2.93893	0.259792	-0.00267913	-0.00267913	-0.00267913	
0.211	3.18712	0.248194	-0.00293893	-0.00293893	-0.00293893	
0.212	3.42274	0.235616	-0.00318712	-0.00318712	-0.00318712	
0.213	3.64484	0.222108	-0.00342274	-0.00342274	-0.00342274	
0.214	3.85257	0.207723	-0.00364484	-0.00364484	-0.00364484	
0.215	4.04508	0.192519	-0.00385257	-0.00385257	-0.00385257	
0.216	4.22164	0.176555	-0.00404508	-0.00404508	-0.00404508	
0.217	4.38153	0.159894	-0.00422164	-0.00422164	-0.00422164	
0.218	4.52414	0.142602	-0.00438153	-0.00438153	-0.00438153	
0.219	4.64888	0.124747	-0.00452414	-0.00452414	-0.00452414	
0.22	4.75528	0.1064	-0.00464888	-0.00464888	-0.00464888	
0.221	4.84292	0.0876332	-0.00475528	-0.00475528	-0.00475528	
0.222	4.91144	0.0685204	-0.00484292	-0.00484292	-0.00484292	
0.223	4.96057	0.0491373	-0.00491144	-0.00491144	-0.00491144	
0.224	4.99013	0.0295601	-0.00496057	-0.00496057	-0.00496057	
0.225	5	0.00986636	-0.00499013	-0.00499013	-0.00499013	
0.226	4.99013	-0.00986636	-0.005	-0.005	-0.005	
0.227	4.96057	-0.0295601	-0.00499013	-0.00499013	-0.00499013	
0.228	4.91144	-0.0491373	-0.00496057	-0.00496057	-0.00496057	
0.229	4.84292	-0.0685204	-0.00491144	-0.00491144	-0.00491144	
0.23	4.75528	-0.0876332	-0.00484292	-0.00484292	-0.00484292	
0.231	4.64888	-0.1064	-0.00475528	-0.00475528	-0.00475528	
0.232	4.52414	-0.124747	-0.00464888	-0.00464888	-0.00464888	
0.233	4.38153	-0.142602	-0.00452414	-0.00452414	-0.00452414	
0.234	4.22164	-0.159894	-0.00438153	-0.00438153	-0.00438153	
0.235	4.04508	-0.176555	-0.00422164	-0.00422164	-0.00422164	
0.236	3.85257	-0.192519	-0.00404508	-0.00404508	-0.00404508	
0.237	3.64484	-0.207723	-0.00385257	-0.00385257	-0.00385257	
0.238	3.42274	-0.222108	-0.00364484	-0.00364484	-0.00364484	
0.239	3.18712	-0.235616	-0.00342274	-0.00342274	-0.00342274	
0.24	2.93893	-0.248194	-0.00318712	-0.00318712	-0.00318712	
0.241	2.67913	-0.259792	-0.00293893	-0.00293893	-0.00293893	
0.242	2.40877	-0.270366	-0.00267913	-0.00267913	-0.00267913	
0.243	2.1289	-0.279872	-0.00240877	-0.00240877	-0.00240877	
0.244	1.84062	-0.288274	-0.0021289	-0.0021289	-0.0021289	
0.245	1.54508	-0.295538	-0.00184062	-0.00184062	-0.00184062	
0.246	1.24345	-0.301636	-0.00154508	-0.00154508	-0.00154508	
0.247	0.936907	-0.306543	-0.00124345	-0.00124345	-0.00124345	
0.248	0.626666	-0.31024	-0.000936907	-0.000936907	-0.000936907	
0.249	0.313953	-0.312714	-0.000626666	-0.000626666	-0.000626666	
0.25	-5.02291e-14	-0.313953	-0.000313953	-0.000313953	-0.000313953	
0.251	-0.313953	-0.313953	0	5.02376e-17	5.02528e-17	
0.252	-0.626666	-0.312714	0.000313953	0.000313953	0.000313953	
0.253	-0.936907	-0.31024	0.000626666	0.000626666	0.000626666	
0.254	-1.24345	-0.306543	0.000936907	0.000936907	0.000936907	
0.255	-1.54508	-0.301636	0.00124345	0.00124345	0.00124345	
0.256	-1.84062	-0.295538	0.00154508	0.00154508	0.00154508	
0.257	-2.1289	-0.288274	0.00184062	0.00184062	0.00184062	
0.258	-2.40877	-0.279872	0.0021289	0.0021289	0.0021289	
0.259	-2.67913	-0.270366	0.00240877	0.00240877	0.00240877	
0.26	-2.93893	-0.259792	0.00267913	0.00267913	0.00267913	
0.261	-3.18712	-0.248194	0.00293893	0.00293893	0.00293893	
0.262	-3.42274	-0.235616	0.00318712	0.00318712	0.00318712	
0.263	-3.64484	-0.222108	0.00342274	0.00342274	0.00342274	
0.264	-3.85257	-0.207723	0.00364484	0.00364484	0.00364484	
0.265	-4.04508	-0.192519	0.00385257	0.00385257	0.00385257	
0.266	-4.22164	-0.176555	0.00404508	0.00404508	0.00404508	
0.267	-4.38153	-0.159894	0.00422164	0.00422164	0.00422164	
0.268	-4.52414	-0.142602	0.00438153	0.00438153	0.00438153	
0.269	-4.64888	-0.124747	0.00452414	0.00452414	0.00452414	
0.27	-4.75528	-0.1064	0.00464888	0.00464888	0.00464888	
0.271	-4.84292	-0.0876332	0.00475528	0.00475528	0.00475528	
0.272	-4.91144	-0.0685204	0.00484292	0.00484292	0.00484292	
0.273	-4.96057	-0.0491373	0.00491144	0.00491144	0.00491144	
0.274	-4.99013	-0.0295601	0.00496057	0.00496057	0.00496057	
0.275	-5	-0.00986636	0.00499013	0.00499013	0.00499013	
0.276	-4.99013	0.00986636	0.005	0.005	0.005	
0.277	-4.96057	0.0295601	0.00499013	0.00499013	0.00499013	
0.278	-4.91144	0.0491373	0.00496057	0.00496057	0.00496057	
0.279	-4.84292	0.0685204	0.00491144	0.00491144	0.00491144	
0.28	-4.75528	0.0876332	0.00484292	0.00484292	0.00484292	
0.281	-4.64888	0.1064	0.00475528	0.00475528	0.00475528	
0.282	-4.52414	0.124747	0.00464888	0.00464888	0.00464888	
0.283	-4.38153	0.142602	0.00452414	0.00452414	0.00452414	
0.284	-4.22164	0.159894	0.00438153	0.00438153	0.00438153	
0.285	-4.04508	0.176555	0.00422164	0.00422164	0.00422164	
0.286	-3.85257	0.192519	0.00404508	0.00404508	0.00404508	
0.287	-3.64484	0.207723	0.00385257	0.00385257	0.00385257	
0.288	-3.42274	0.222108	0.00364484	0.00364484	0.00364484	
0.289	-3.18712	0.235616	0.00342274	0.00342274	0.00342274	
0.29	-2.93893	0.248194	0.00318712	0.00318712	0.00318712	
0.291	-2.67913	0.259792	0.00293893	0.00293893	0.00293893	
0.292	-2.40877	0.270366	0.00267913	0.00267913	0.00267913	
0.293	-2.1289	0.279872	0.00240877	0.00240877	0.00240877	
0.294	-1.84062	0.288274	0.0021289	0.0021289	0.0021289	
0.295	-1.54508	0.295538	0.00184062	0.00184062	0.00184062	
0.296	-1.24345	0.301636	0.00154508	0.00154508	0.00154508	
0.297	-0.936907	0.306543	0.00124345	0.00124345	0.00124345	
0.298	-0.626666	0.31024	0.000936907	0.000936907	0.000936907	
0.299	-0.313953	0.312714	0.000626666	0.000626666	0.000626666	
0.3	6.73804e-14	0.313953	0.000313953	0.000313953	0.000313953	
0.301	0.313953	0.313953	0	-6.73905e-17	-6.73832e-17	
0.302	0.626666	0.312714	-0.000313953	-0.000313953	-0.000313953	
0.303	0.936907	0.31024	-0.000626666	-0.000626666	-0.000626666	
0.304	1.24345	0.306543	-0.000936907	-0.000936907	-0.000936907	
0.305	1.54508	0.301636	-0.00124345	-0.00124345	-0.00124345	
0.306	1.84062	0.295538	-0.00154508	-0.00154508	-0.00154508	
0.307	2.1289	0.288274	-0.00184062	-0.00184062	-0.00184062	
0.308	2.40877	0.279872	-0.0021289	-0.0021289	-0.0021289	
0.309	2.67913	0.270366	-0.00240877	-0.00240877	-0.00240877	
0.31	2.93893	0.259792	-0.00267913	-0.00267913	-0.00267913	
0.311	3.18712	0.248194	-0.00293893	-0.00293893	-0.00293893	
0.312	3.42274	0.235616	-0.00318712	-0.00318712	-0.00318712	
0.313	3.64484	0.222108	-0.00342274	-0.00342274	-0.00342274	
0.314	3.85257	0.207723	-0.00364484	-0.00364484	-0.00364484	
0.315	4.04508	0.192519	-0.00385257	-0.00385257	-0.00385257	
0.316	4.22164	0.176555	-0.00404508	-0.00404508	-0.00404508	
0.317	4.38153	0.159894	-0.00422164	-0.00422164	-0.00422164	
0.318	4.52414	0.142602	-0.00438153	-0.00438153	-0.00438153	
0.319	4.64888	0.124747	-0.00452414	-0.00452414	-0.00452414	
0.32	4.75528	0.1064	-0.00464888	-0.00464888	-0.00464888	
0.321	4.84292	0.0876332	-0.00475528	-0.00475528	-0.00475528	
0.322	4.91144	0.0685204	-0.00484292	-0.00484292	-0.00484292	
0.323	4.96057	0.0491373	-0.00491144	-0.00491144	-0.00491144	
0.324	4.99013	0.0295601	-0.00496057	-0.00496057	-0.00496057	
0.325	5	0.00986636	-0.00499013	-0.00499013	-0.00499013	
0.326	4.99013	-0.00986636	-0.005	-0.005	-0.005	
0.327	4.96057	-0.0295601	-0.00499013	-0.00499013	-0.00499013	
0.328	4.91144	-0.0491373	-0.00496057	-0.00496057	-0.00496057	
0.329	4.84292	-0.0685204	-0.00491144	-0.00491144	-0.00491144	
0.33	4.75528	-0.0876332	-0.00484292	-0.00484292	-0.00484292	
0.331	4.64888	-0.1064	-0.00475528	-0.00475528	-0.00475528	
0.332	4.52414	-0.124747	-0.00464888	-0.00464888	-0.00464888	
0.333	4.38153	-0.142602	-0.00452414	-0.00452414	-0.00452414	
0.334	4.22164	-0.159894	-0.00438153	-0.00438153	-0.00438153	
0.335	4.04508	-0.176555	-0.00422164	-0.00422164	-0.00422164	
0.336	3.85257	-0.192519	-0.00404508	-0.00404508	-0.00404508	
0.337	3.64484	-0.207723	-0.00385257	-0.00385257	-0.00385257	
0.338	3.42274	-0.222108	-0.00364484	-0.00364484	-0.00364484	
0.339	3.18712	-0.235616	-0.00342274	-0.00342274	-0.00342274	
0.34	2.93893	-0.248194	-0.00318712	-0.00318712	-0.00318712	
0.341	2.67913	-0.259792	-0.00293893	-0.00293893	-0.00293893	
0.342	2.40877	-0.270366	-0.00267913	-0.00267913	-0.00267913	
0.343	2.1289	-0.279872	-0.00240877	-0.00240877	-0.00240877	
0.344	1.84062	-0.288274	-0.0021289	-0.0021289	-0.0021289	
0.345	1.54508	-0.295538	-0.00184062	-0.00184062	-0.00184062	
0.346	1.24345	-0.301636	-0.00154508	-0.00154508	-0.00154508	
0.347	0.936907	-0.306543	-0.00124345	-0.00124345	-0.00124345	
0.348	0.626666	-0.31024	-0.000936907	-0.000936907	-0.000936907	
0.349	0.313953	-0.312714	-0.000626666	-0.000626666	-0.000626666	
0.35	-8.45316e-14	-0.313953	-0.000313953	-0.000313953	-0.000313953	
0.351	-0.313953	-0.313953	5.55112e-17	8.45435e-17	8.45678e-17	
0.352	-0.626666	-0.312714	0.000313953	0.000313953	0.000313953	
0.353	-0.936907	-0.31024	0.000626666	0.000626666	0.000626666	
0.354	-1.24345	-0.306543	0.000936907	0.000936907	0.000936907	
0.355	-1.54508	-0.301636	0.00124345	0.00124345	0.00124345	
0.356	-1.84062	-0.295538	0.00154508	0.00154508	0.00154508	
0.357	-2.1289	-0.288274	0.00184062	0.00184062	0.00184062	
0.358	-2.40877	-0.279872	0.0021289	0.0021289	0.0021289	
0.359	-2.67913	-0.270366	0.00240877	0.00240877	0.00240877	
0.36	-2.93893	-0.259792	0.00267913	0.00267913	0.00267913	
0.361	-3.18712	-0.248194	0.00293893	0.00293893	0.00293893	
0.362	-3.42274	-0.235616	0.00318712	0.00318712	0.00318712	
0.363	-3.64484	-0.222108	0.00342274	0.00342274	0.00342274	
0.364	-3.85257	-0.207723	0.00364484	0.00364484	0.00364484	
0.365	-4.04508	-0.192519	0.00385257	0.00385257	0.00385257	
0.366	-4.22164	-0.176555	0.00404508	0.00404508	0.00404508	
0.367	-4.38153	-0.159894	0.00422164	0.00422164	0.00422164	
0.368	-4.52414	-0.142602	0.00438153	0.00438153	0.00438153	
0.369	-4.64888	-0.124747	0.00452414	0.00452414	0.00452414	
0.37	-4.75528	-0.1064	0.00464888	0.00464888	0.00464888	
0.371	-4.84292	-0.0876332	0.00475528	0.00475528	0.00475528	
0.372	-4.91144	-0.0685204	0.00484292	0.00484292	0.00484292	
0.373	-4.96057	-0.0491373	0.00491144	0.00491144	0.00491144	
0.374	-4.99013	-0.0295601	0.00496057	0.00496057	0.00496057	
0.375	-5	-0.00986636	0.00499013	0.00499013	0.00499013	
0.376	-4.99013	0.00986636	0.005	0.005	0.005	
0.377	-4.96057	0.0295601	0.00499013	0.00499013	0.00499013	
0.378	-4.91144	0.0491373	0.00496057	0.00496057	0.00496057	
0.379	-4.84292	0.0685204	0.00491144	0.00491144	0.00491144	
0.38	-4.75528	0.0876332	0.00484292	0.00484292	0.00484292	
0.381	-4.64888	0.1064	0.00475528	0.00475528	0.00475528	
0.382	-4.52414	0.124747	0.00464888	0.00464888	0.00464888	
0.383	-4.38153	0.142602	0.00452414	0.00452414	0.00452414	
0.384	-4.22164	0.159894	0.00438153	0.00438153	0.00438153	
0.385	-4.04508	0.176555	0.00422164	0.00422164	0.00422164	
0.386	-3.85257	0.192519	0.00404508	0.00404508	0.00404508	
0.387	-3.64484	0.207723	0.00385257	0.00385257	0.00385257	
0.388	-3.42274	0.222108	0.00364484	0.00364484	0.00364484	
0.389	-3.18712	0.235616	0.00342274	0.00342274	0.00342274	
0.39	-2.93893	0.248194	0.00318712	0.00318712	0.00318712	
0.391	-2.67913	0.259792	0.00293893	0.00293893	0.00293893	
0.392	-2.40877	0.270366	0.00267913	0.00267913	0.00267913	
0.393	-2.1289	0.279872	0.00240877	0.00240877	0.00240877	
0.394	-1.84062	0.288274	0.0021289	0.0021289	0.0021289	
0.395	-1.54508	0.295538	0.00184062	0.00184062	0.00184062	
0.396	-1.24345	0.301636	0.00154508	0.00154508	0.00154508	
0.397	-0.936907	0.306543	0.00124345	0.00124345	0.00124345	
0.398	-0.626666	0.31024	0.000936907	0.000936907	0.000936907	
0.399	-0.313953	0.312714	0.000626666	0.000626666	0.000626666	
0.4	8.39193e-14	0.313953	0.000313953	0.000313953	0.000313953	
0.401	0.313953	0.313953	-5.55112e-17	-8.39884e-17	-8.39715e-17	
0.402	0.626666	0.312714	-0.000313953	-0.000313953	-0.000313953	
0.403	0.936907	0.31024	-0.000626666	-0.000626666	-0.000626666	
0.404	1.24345	0.306543	-0.000936907	-0.000936907	-0.000936907	
0.405	1.54508	0.301636	-0.00124345	-0.00124345	-0.00124345	
0.406	1.84062	0.295538	-0.00154508	-0.00154508	-0.00154508	
0.407	2.1289	0.288274	-0.00184062	-0.00184062	-0.00184062	
0.408	2.40877	0.279872	-0.0021289	-0.0021289	-0.0021289	
0.409	2.67913	0.270366	-0.00240877	-0.00240877	-0.00240877	
0.41	2.93893	0.259792	-0.00267913	-0.00267913	-0.00267913	
0.411	3.18712	0.248194	-0.00293893	-0.00293893	-0.00293893	
0.412	3.42274	0.235616	-0.00318712	-0.00318712	-0.00318712	
0.413	3.64484	0.222108	-0.00342274	-0.00342274	-0.00342274	
0.414	3.85257	0.207723	-0.00364484	-0.00364484	-0.00364484	
0.415	4.04508	0.192519	-0.00385257	-0.00385257	-0.00385257	
0.416	4.22164	0.176555	-0.00404508	-0.00404508	-0.00404508	
0.417	4.38153	0.159894	-0.00422164	-0.00422164	-0.00422164	
0.418	4.52414	0.142602	-0.00438153	-0.00438153	-0.00438153	
0.419	4.64888	0.124747	-0.00452414	-0.00452414	-0.00452414	
0.42	4.75528	0.1064	-0.00464888	-0.00464888	-0.00464888	
0.421	4.84292	0.0876332	-0.00475528	-0.00475528	-0.00475528	
0.422	4.91144	0.0685204	-0.00484292	-0.00484292	-0.00484292	
0.423	4.96057	0.0491373	-0.00491144	-0.00491144	-0.00491144	
0.424	4.99013	0.0295601	-0.00496057	-0.00496057	-0.00496057	
0.425	5	0.00986636	-0.00499013	-0.00499013	-0.00499013	
0.426	4.99013	-0.00986636	-0.005	-0.005	-0.005	
0.427	4.96057	-0.0295601	-0.00499013	-0.00499013	-0.00499013	
0.428	4.91144	-0.0491373	-0.00496057	-0.00496057	-0.00496057	
0.429	4.84292	-0.0685204	-0.00491144	-0.00491144	-0.00491144	
0.43	4.75528	-0.0876332	-0.00484292	-0.00484292	-0.00484292	
0.431	4.64888	-0.1064	-0.00475528	-0.00475528	-0.00475528	
0.432	4.52414	-0.124747	-0.00464888	-0.00464888	-0.00464888	
0.433	4.38153	-0.142602	-0.00452414	-0.00452414	-0.00452414	
0.434	4.22164	-0.159894	-0.00438153	-0.00438153	-0.00438153	
0.435	4.04508	-0.176555	-0.00422164	-0.00422164	-0.00422164	
0.436	3.85257	-0.192519	-0.00404508	-0.00404508	-0.00404508	
0.437	3.64484	-0.207723	-0.00385257	-0.00385257	-0.00385257	
0.438	3.42274	-0.222108	-0.00364484	-0.00364484	-0.00364484	
0.439	3.18712	-0.235616	-0.00342274	-0.00342274	-0.00342274	
0.44	2.93893	-0.248194	-0.00318712	-0.00318712	-0.00318712	
0.441	2.67913	-0.259792	-0.00293893	-0.00293893	-0.00293893	
0.442	2.40877	-0.270366	-0.00267913	-0.00267913	-0.00267913	
0.443	2.1289	-0.279872	-0.00240877	-0.00240877	-0.00240877	
0.444	1.84062	-0.288274	-0.0021289	-0.0021289	-0.0021289	
0.445	1.54508	-0.295538	-0.00184062	-0.00184062	-0.00184062	
0.446	1.24345	-0.301636	-0.00154508	-0.00154508	-0.00154508	
0.447	0.936907	-0.306543	-0.00124345	-0.00124345	-0.00124345	
0.448	0.626666	-0.31024	-0.000936907	-0.000936907	-0.000936907	
0.449	0.313953	-0.312714	-0.000626666	-0.000626666	-0.000626666	
0.45	-1.01071e-13	-0.313953	-0.000313953	-0.000313953	-0.000313953	
0.451	-0.313953	-0.313953	5.55112e-17	1.01086e-16	1.01102e-16	
0.452	-0.626666	-0.312714	0.000313953	0.000313953	0.000313953	
0.453	-0.936907	-0.31024	0.000626666	0.000626666	0.000626666	
0.454	-1.24345	-0.306543	0.000936907	0.000936907	0.000936907	
0.455	-1.54508	-0.301636	0.00124345	0.00124345	0.00124345	
0.456	-1.84062	-0.295538	0.00154508	0.00154508	0.00154508	
0.457	-2.1289	-0.288274	0.00184062	0.00184062	0.00184062	
0.458	-2.40877	-0.279872	0.0021289	0.0021289	0.0021289	
0.459	-2.67913	-0.270366	0.00240877	0.00240877	0.00240877	
0.46	-2.93893	-0.259792	0.00267913	0.00267913	0.00267913	
0.461	-3.18712	-0.248194	0.00293893	0.00293893	0.00293893	
0.462	-3.42274	-0.235616	0.00318712	0.00318712	0.00318712	
0.463	-3.64484	-0.222108	0.00342274	0.00342274	0.00342274	
0.464	-3.85257	-0.207723	0.00364484	0.00364484	0.00364484	
0.465	-4.04508	-0.192519	0.00385257	0.00385257	0.00385257	
0.466	-4.22164	-0.176555	0.00404508	0.00404508	0.00404508	
0.467	-4.38153	-0.159894	0.00422164	0.00422164	0.00422164	
0.468	-4.52414	-0.142602	0.00438153	0.00438153	0.00438153	
0.469	-4.64888	-0.124747	0.00452414	0.00452414	0.00452414	
0.47	-4.75528	-0.1064	0.00464888	0.00464888	0.00464888	
0.471	-4.84292	-0.0876332	0.00475528	0.00475528	0.00475528	
0.472	-4.91144	-0.0685204	0.00484292	0.00484292	0.00484292	
0.473	-4.96057	-0.0491373	0.00491144	0.00491144	0.00491144	
0.474	-4.99013	-0.0295601	0.00496057	0.00496057	0.00496057	
0.475	-5	-0.00986636	0.00499013	0.00499013	0.00499013	
0.476	-4.99013	0.00986636	0.005	0.005	0.005	
0.477	-4.96057	0.0295601	0.00499013	0.00499013	0.00499013	
0.478	-4.91144	0.0491373	0.00496057	0.00496057	0.00496057	
0.479	-4.84292	0.0685204	0.00491144	0.00491144	0.00491144	
0.48	-4.75528	0.0876332	0.00484292	0.00484292	0.00484292	
0.481	-4.64888	0.1064	0.00475528	0.00475528	0.00475528	
0.482	-4.52414	0.124747	0.00464888	0.00464888	0.00464888	
0.483	-4.38153	0.142602	0.00452414	0.00452414	0.00452414	
0.484	-4.22164	0.159894	0.00438153	0.00438153	0.00438153	
0.485	-4.04508	0.176555	0.00422164	0.00422164	0.00422164	
0.486	-3.85257	0.192519	0.00404508	0.00404508	0.00404508	
0.487	-3.64484	0.207723	0.00385257	0.00385257	0.00385257	
0.488	-3.42274	0.222108	0.00364484	0.00364484	0.00364484	
0.489	-3.18712	0.235616	0.00342274	0.00342274	0.00342274	
0.49	-2.93893	0.248194	0.00318712	0.00318712	0.00318712	
0.491	-2.67913	0.259792	0.00293893	0.00293893	0.00293893	
0.492	-2.40877	0.270366	0.00267913	0.00267913	0.00267913	
0.493	-2.1289	0.279872	0.00240877	0.00240877	0.00240877	
0.494	-1.84062	0.288274	0.0021289	0.0021289	0.0021289	
0.495	-1.54508	0.295538	0.00184062	0.00184062	0.00184062	
0.496	-1.24345	0.301636	0.00154508	0.00154508	0.00154508	
0.497	-0.936907	0.306543	0.00124345	0.00124345	0.00124345	
0.498	-0.626666	0.31024	0.000936907	0.000936907	0.000936907	
0.499	-0.313953	0.312714	0.000626666	0.000626666	0.000626666	
0.5	1.00458e-13	0.313953	0.000313953	0.000313953	0.000313953	
0.501	0.313953	0.313953	-5.55112e-17	-1.00475e-16	-1.00451e-16	
0.502	0.626666	0.312714	-0.000313953	-0.000313953	-0.000313953	
0.503	0.936907	0.31024	-0.000626666	-0.000626666	-0.000626666	
0.504	1.24345	0.306543	-0.000936907	-0.000936907	-0.000936907	
0.505	1.54508	0.301636	-0.00124345	-0.00124345	-0.00124345	
0.506	1.84062	0.295538	-0.00154508	-0.00154508	-0.00154508	
0.507	2.1289	0.288274	-0.00184062	-0.00184062	-0.00184062	
0.508	2.40877	0.279872	-0.0021289	-0.0021289	-0.0021289	
0.509	2.67913	0.270366	-0.00240877	-0.00240877	-0.00240877	
0.51	2.93893	0.259792	-0.00267913	-0.00267913	-0.00267913	
0.511	3.18712	0.248194	-0.00293893	-0.00293893	-0.00293893	
0.512	3.42274	0.235616	-0.00318712	-0.00318712	-0.00318712	
0.513	3.64484	0.222108	-0.00342274	-0.00342274	-0.00342274	
0.514	3.85257	0.207723	-0.00364484	-0.00364484	-0.00364484	
0.515	4.04508	0.192519	-0.00385257	-0.00385257	-0.00385257	
0.516	4.22164	0.176555	-0.00404508	-0.00404508	-0.00404508	
0.517	4.38153	0.159894	-0.00422164	-0.00422164	-0.00422164	
0.518	4.52414	0.142602	-0.00438153	-0.00438153	-0.00438153	
0.519	4.64888	0.124747	-0.00452414	-0.00452414	-0.00452414	
0.52	4.75528	0.1064	-0.00464888	-0.00464888	-0.00464888	
0.521	4.84292	0.0876332	-0.00475528	-0.00475528	-0.00475528	
0.522	4.91144	0.0685204	-0.00484292	-0.00484292	-0.00484292	
0.523	4.96057	0.0491373	-0.00491144	-0.00491144	-0.00491144	
0.524	4.99013	0.0295601	-0.00496057	-0.00496057	-0.00496057	
0.525	5	0.00986636	-0.00499013	-0.00499013	-0.00499013	
0.526	4.99013	-0.00986636	-0.005	-0.005	-0.005	
0.527	4.96057	-0.0295601	-0.00499013	-0.00499013	-0.00499013	
0.528	4.91144	-0.0491373	-0.00496057	-0.00496057	-0.00496057	
0.529	4.84292	-0.0685204	-0.00491144	-0.00491144	-0.00491144	
0.53	4.75528	-0.0876332	-0.00484292	-0.00484292	-0.00484292	
0.531	4.64888	-0.1064	-0.00475528	-0.00475528	-0.00475528	
0.532	4.52414	-0.124747	-0.00464888	-0.00464888	-0.00464888	
0.533	4.38153	-0.142602	-0.00452414	-0.00452414	-0.00452414	
0.534	4.22164	-0.159894	-0.00438153	-0.00438153	-0.00438153	
0.535	4.04508	-0.176555	-0.00422164	-0.00422164	-0.00422164	
0.536	3.85257	-0.192519	-0.00404508	-0.00404508	-0.00404508	
0.537	3.64484	-0.207723	-0.00385257	-0.00385257	-0.00385257	
0.538	3.42274	-0.222108	-0.00364484	-0.00364484	-0.00364484	
0.539	3.18712	-0.235616	-0.00342274	-0.00342274	-0.00342274	
0.54	2.93893	-0.248194	-0.00318712	-0.00318712	-0.00318712	
0.541	2.67913	-0.259792	-0.00293893	-0.00293893	-0.00293893	
0.542	2.40877	-0.270366	-0.00267913	-0.00267913	-0.00267913	
0.543	2.1289	-0.279872	-0.00240877	-0.00240877	-0.00240877	
0.544	1.84062	-0.288274	-0.0021289	-0.0021289	-0.0021289	
0.545	1.54508	-0.295538	-0.00184062	-0.00184062	-0.00184062	
0.546	1.24345	-0.301636	-0.00154508	-0.00154508	-0.00154508	
0.547	0.936907	-0.306543	-0.00124345	-0.00124345	-0.00124345	
0.548	0.626666	-0.31024	-0.000936907	-0.000936907	-0.000936907	
0.549	0.313953	-0.312714	-0.000626666	-0.000626666	-0.000626666	
0.55	-1.17609e-13	-0.313953	-0.000313953	-0.000313953	-0.000313953	
0.551	-0.313953	-0.313953	5.55112e-17	1.17628e-16	1.17636e-16	
0.552	-0.626666	-0.312714	0.000313953	0.000313953	0.000313953	
0.553	-0.936907	-0.31024	0.000626666	0.000626666	0.000626666	
0.554	-1.24345	-0.306543	0.000936907	0.000936907	0.000936907	
0.555	-1.54508	-0.301636	0.00124345	0.00124345	0.00124345	
0.556	-1.84062	-0.295538	0.00154508	0.00154508	0.00154508	
0.557	-2.1289	-0.288274	0.00184062	0.00184062	0.00184062	
0.558	-2.40877	-0.279872	0.0021289	0.0021289	0.0021289	
0.559	-2.67913	-0.270366	0.00240877	0.00240877	0.00240877	
0.56	-2.93893	-0.259792	0.00267913	0.00267913	0.00267913	
0.561	-3.18712	-0.248194	0.00293893	0.00293893	0.00293893	
0.562	-3.42274	-0.235616	0.00318712	0.00318712	0.00318712	
0.563	-3.64484	-0.222108	0.00342274	0.00342274	0.00342274	
0.564	-3.85257	-0.207723	0.00364484	0.00364484	0.00364484	
0.565	-4.04508	-0.192519	0.00385257	0.00385257	0.00385257	
0.566	-4.22164	-0.176555	0.00404508	0.00404508	0.00404508	
0.567	-4.38153	-0.159894	0.00422164	0.00422164	0.00422164	
0.568	-4.52414	-0.142602	0.00438153	0.00438153	0.00438153	
0.569	-4.64888	-0.124747	0.00452414	0.00452414	0.00452414	
0.57	-4.75528	-0.1064	0.00464888	0.00464888	0.00464888	
0.571	-4.84292	-0.0876332	0.00475528	0.00475528	0.00475528	
0.572	-4.91144	-0.0685204	0.00484292	0.00484292	0.00484292	
0.573	-4.96057	-0.0491373	0.00491144	0.00491144	0.00491144	
0.574	-4.99013	-0.0295601	0.00496057	0.00496057	0.00496057	
0.575	-5	-0.00986636	0.00499013	0.00499013	0.00499013	
0.576	-4.99013	0.00986636	0.005	0.005	0.005	
0.577	-4.96057	0.0295601	0.00499013	0.00499013	0.00499013	
0.578	-4.91144	0.0491373	0.00496057	0.00496057	0.00496057	
0.579	-4.84292	0.0685204	0.00491144	0.00491144	0.00491144	
0.58	-4.75528	0.0876332	0.00484292	0.00484292	0.00484292	
0.581	-4.64888	0.1064	0.00475528	0.00475528	0.00475528	
0.582	-4.52414	0.124747	0.00464888	0.00464888	0.00464888	
0.583	-4.38153	0.142602	0.00452414	0.00452414	0.00452414	
0.584	-4.22164	0.159894	0.00438153	0.00438153	0.00438153	
0.585	-4.04508	0.176555	0.00422164	0.00422164	0.00422164	
0.586	-3.85257	0.192519	0.00404508	0.00404508	0.00404508	
0.587	-3.64484	0.207723	0.00385257	0.00385257	0.00385257	
0.588	-3.42274	0.222108	0.00364484	0.00364484	0.00364484	
0.589	-3.18712	0.235616	0.00342274	0.00342274	0.00342274	
0.59	-2.93893	0.248194	0.00318712	0.00318712	0.00318712	
0.591	-2.67913	0.259792	0.00293893	0.00293893	0.00293893	
0.592	-2.40877	0.270366	0.00267913	0.00267913	0.00267913	
0.593	-2.1289	0.279872	0.00240877	0.00240877	0.00240877	
0.594	-1.84062	0.288274	0.0021289	0.0021289	0.0021289	
0.595	-1.54508	0.295538	0.00184062	0.00184062	0.00184062	
0.596	-1.24345	0.301636	0.00154508	0.00154508	0.00154508	
0.597	-0.936907	0.306543	0.00124345	0.00124345	0.00124345	
0.598	-0.626666	0.31024	0.000936907	0.000936907	0.000936907	
0.599	-0.313953	0.312714	0.000626666	0.000626666	0.000626666	
0.6	1.34761e-13	0.313953	0.000313953	0.000313953	0.000313953	
0.601	0.313953	0.313953	-5.55112e-17	-1.34837e-16	-1.34821e-16	
0.602	0.626666	0.312714	-0.000313953	-0.000313953	-0.000313953	
0.603	0.936907	0.31024	-0.000626666	-0.000626666	-0.000626666	
0.604	1.24345	0.306543	-0.000936907	-0.000936907	-0.000936907	
0.605	1.54508	0.301636	-0.00124345	-0.00124345	-0.00124345	
0.606	1.84062	0.295538	-0.00154508	-0.00154508	-0.00154508	
0.607	2.1289	0.288274	-0.00184062	-0.00184062	-0.00184062	
0.608	2.40877	0.279872	-0.0021289	-0.0021289	-0.0021289	
0.609	2.67913	0.270366	-0.00240877	-0.00240877	-0.00240877	
0.61	2.93893	0.259792	-0.00267913	-0.00267913	-0.00267913	
0.611	3.18712	0.248194	-0.00293893	-0.00293893	-0.00293893	
0.612	3.42274	0.235616	-0.00318712	-0.00318712	-0.00318712	
0.613	3.64484	0.222108	-0.00342274	-0.00342274	-0.00342274	
0.614	3.85257	0.207723	-0.00364484	-0.00364484	-0.00364484	
0.615	4.04508	0.192519	-0.00385257	-0.00385257	-0.00385257	
0.616	4.22164	0.176555	-0.00404508	-0.00404508	-0.00404508	
0.617	4.38153	0.159894	-0.00422164	-0.00422164	-0.00422164	
0.618	4.52414	0.142602	-0.00438153	-0.00438153	-0.00438153	
0.619	4.64888	0.124747	-0.00452414	-0.00452414	-0.00452414	
0.62	4.75528	0.1064	-0.00464888	-0.00464888	-0.00464888	
0.621	4.84292	0.0876332	-0.00475528	-0.00475528	-0.00475528	
0.622	4.91144	0.0685204	-0.00484292	-0.00484292	-0.00484292	
0.623	4.96057	0.0491373	-0.00491144	-0.00491144	-0.00491144	
0.624	4.99013	0.0295601	-0.00496057	-0.00496057	-0.00496057	
0.625	5	0.00986636	-0.00499013	-0.00499013	-0.00499013	
0.626	4.99013	-0.00986636	-0.005	-0.005	-0.005	
0.627	4.96057	-0.0295601	-0.00499013	-0.00499013	-0.00499013	
0.628	4.91144	-0.0491373	-0.00496057	-0.00496057	-0.00496057	
0.629	4.84292	-0.0685204	-0.00491144	-0.00491144	-0.00491144	
0.63	4.75528	-0.0876332	-0.00484292	-0.00484292	-0.00484292	
0.631	4.64888	-0.1064	-0.00475528	-0.00475528	-0.00475528	
0.632	4.52414	-0.124747	-0.00464888	-0.00464888	-0.00464888	
0.633	4.38153	-0.142602	-0.00452414	-0.00452414	-0.00452414	
0.634	4.22164	-0.159894	-0.00438153	-0.00438153	-0.00438153	
0.635	4.04508	-0.176555	-0.00422164	-0.00422164	-0.00422164	
0.636	3.85257	-0.192519	-0.00404508	-0.00404508	-0.00404508	
0.637	3.64484	-0.207723	-0.00385257	-0.00385257	-0.00385257	
0.638	3.42274	-0.222108	-0.00364484	-0.00364484	-0.00364484	
0.639	3.18712	-0.235616	-0.00342274	-0.00342274	-0.00342274	
0.64	2.93893	-0.248194	-0.00318712	-0.00318712	-0.00318712	
0.641	2.67913	-0.259792	-0.00293893	-0.00293893	-0.00293893	
0.642	2.40877	-0.270366	-0.00267913	-0.00267913	-0.00267913	
0.643	2.1289	-0.279872	-0.00240877	-0.00240877	-0.00240877	
0.644	1.84062	-0.288274	-0.0021289	-0.0021289	-0.0021289	
0.645	1.54508	-0.295538	-0.00184062	-0.00184062	-0.00184062	
0.646	1.24345	-0.301636	-0.00154508	-0.00154508	-0.00154508	
0.647	0.936907	-0.306543	-0.00124345	-0.00124345	-0.00124345	
0.648	0.626666	-0.31024	-0.000936907	-0.000936907	-0.000936907	
0.649	0.313953	-0.312714	-0.000626666	-0.000626666	-0.000626666	
0.65	-1.51912e-13	-0.313953	-0.000313953	-0.000313953	-0.000313953	
0.651	-0.313953	-0.313953	1.11022e-16	1.51934e-16	1.51951e-16	
0.652	-0.626666	-0.312714	0.000313953	0.000313953	0.000313953	
0.653	-0.936907	-0.31024	0.000626666	0.000626666	0.000626666	
0.654	-1.24345	-0.306543	0.000936907	0.000936907	0.000936907	
0.655	-1.54508	-0.301636	0.00124345	0.00124345	0.00124345	
0.656	-1.84062	-0.295538	0.00154508	0.00154508	0.00154508	
0.657	-2.1289	-0.288274	0.00184062	0.00184062	0.00184062	
0.658	-2.40877	-0.279872	0.0021289	0.0021289	0.0021289	
0.659	-2.67913	-0.270366	0.00240877	0.00240877	0.00240877	
0.66	-2.93893	-0.259792	0.00267913	0.00267913	0.00267913	
0.661	-3.18712	-0.248194	0.00293893	0.00293893	0.00293893	
0.662	-3.42274	-0.235616	0.00318712	0.00318712	0.00318712	
0.663	-3.64484	-0.222108	0.00342274	0.00342274	0.00342274	
0.664	-3.85257	-0.207723	0.00364484	0.00364484	0.00364484	
0.665	-4.04508	-0.192519	0.00385257	0.00385257	0.00385257	
0.666	-4.22164	-0.176555	0.00404508	0.00404508	0.00404508	
0.667	-4.38153	-0.159894	0.00422164	0.00422164	0.00422164	
0.668	-4.52414	-0.142602	0.00438153	0.00438153	0.00438153	
0.669	-4.64888	-0.124747	0.00452414	0.00452414	0.00452414	
0.67	-4.75528	-0.1064	0.00464888	0.00464888	0.00464888	
0.671	-4.84292	-0.0876332	0.00475528	0.00475528	0.00475528	
0.672	-4.91144	-0.0685204	0.00484292	0.00484292	0.00484292	
0.673	-4.96057	-0.0491373	0.00491144	0.00491144	0.00491144	
0.674	-4.99013	-0.0295601	0.00496057	0.00496057	0.00496057	
0.675	-5	-0.00986636	0.00499013	0.00499013	0.00499013	
0.676	-4.99013	0.00986636	0.005	0.005	0.005	
0.677	-4.96057	0.0295601	0.00499013	0.00499013	0.00499013	
0.678	-4.91144	0.0491373	0.00496057	0.00496057	0.00496057	
0.679	-4.84292	0.0685204	0.00491144	0.00491144	0.00491144	
0.68	-4.75528	0.0876332	0.00484292	0.00484292	0.00484292	
0.681	-4.64888	0.1064	0.00475528	0.00475528	0.00475528	
0.682	-4.52414	0.124747	0.00464888	0.00464888	0.00464888	
0.683	-4.38153	0.142602	0.00452414	0.00452414	0.00452414	
0.684	-4.22164	0.159894	0.00438153	0.00438153	0.00438153	
0.685	-4.04508	0.176555	0.00422164	0.00422164	0.00422164	
0.686	-3.85257	0.192519	0.00404508	0.00404508	0.00404508	
0.687	-3.64484	0.207723	0.00385257	0.00385257	0.00385257	
0.688	-3.42274	0.222108	0.00364484	0.00364484	0.00364484	
0.689	-3.18712	0.235616	0.00342274	0.00342274	0.00342274	
0.69	-2.93893	0.248194	0.00318712	0.00318712	0.00318712	
0.691	-2.67913	0.259792	0.00293893	0.00293893	0.00293893	
0.692	-2.40877	0.270366	0.00267913	0.00267913	0.00267913	
0.693	-2.1289	0.279872	0.00240877	0.00240877	0.00240877	
0.694	-1.84062	0.288274	0.0021289	0.0021289	0.0021289	
0.695	-1.54508	0.295538	0.00184062	0.00184062	0.00184062	
0.696	-1.24345	0.301636	0.00154508	0.00154508	0.00154508	
0.697	-0.936907	0.306543	0.00124345	0.00124345	0.00124345	
0.698	-0.626666	0.31024	0.000936907	0.000936907	0.000936907	
0.699	-0.313953	0.312714	0.000626666	0.000626666	0.000626666	
0.7	1.69063e-13	0.313953	0.000313953	0.000313953	0.000313953	
0.701	0.313953	0.313953	-1.11022e-16	-1.69142e-16	-1.69136e-16	
0.702	0.626666	0.312714	-0.000313953	-0.000313953	-0.000313953	
0.703	0.936907	0.31024	-0.000626666	-0.000626666	-0.000626666	
0.704	1.24345	0.306543	-0.000936907	-0.000936907	-0.000936907	
0.705	1.54508	0.301636	-0.00124345	-0.00124345	-0.00124345	
0.706	1.84062	0.295538	-0.00154508	-0.00154508	-0.00154508	
0.707	2.1289	0.288274	-0.00184062	-0.00184062	-0.00184062	
0.708	2.40877	0.279872	-0.0021289	-0.0021289	-0.0021289	
0.709	2.67913	0.270366	-0.00240877	-0.00240877	-0.00240877	
0.71	2.93893	0.259792	-0.00267913	-0.00267913	-0.00267913	
0.711	3.18712	0.248194	-0.00293893	-0.00293893	-0.00293893	
0.712	3.42274	0.235616	-0.00318712	-0.00318712	-0.00318712	
0.713	3.64484	0.222108	-0.00342274	-0.00342274	-0.00342274	
0.714	3.85257	0.207723	-0.00364484	-0.00364484	-0.00364484	
0.715	4.04508	0.192519	-0.00385257	-0.00385257	-0.00385257	
0.716	4.22164	0.176555	-0.00404508	-0.00404508	-0.00404508	
0.717	4.38153	0.159894	-0.00422164	-0.00422164	-0.00422164	
0.718	4.52414	0.142602	-0.00438153	-0.00438153	-0.00438153	
0.719	4.64888	0.124747	-0.00452414	-0.00452414	-0.00452414	
0.72	4.75528	0.1064	-0.00464888	-0.00464888	-0.00464888	
0.721	4.84292	0.0876332	-0.00475528	-0.00475528	-0.00475528	
0.722	4.91144	0.0685204	-0.00484292	-0.00484292	-0.00484292	
0.723	4.96057	0.0491373	-0.00491144	-0.00491144	-0.00491144	
0.724	4.99013	0.0295601	-0.00496057	-0.00496057	-0.00496057	
0.725	5	0.00986636	-0.00499013	-0.00499013	-0.00499013	
0.726	4.99013	-0.00986636	-0.005	-0.005	-0.005	
0.727	4.96057	-0.0295601	-0.00499013	-0.00499013	-0.00499013	
0.728	4.91144	-0.0491373	-0.00496057	-0.00496057	-0.00496057	
0.729	4.84292	-0.0685204	-0.00491144	-0.00491144	-0.00491144	
0.73	4.75528	-0.0876332	-0.00484292	-0.00484292	-0.00484292	
0.731	4.64888	-0.1064	-0.00475528	-0.00475528	-0.00475528	
0.732	4.52414	-0.124747	-0.00464888	-0.00464888	-0.00464888	
0.733	4.38153	-0.142602	-0.00452414	-0.00452414	-0.00452414	
0.734	4.22164	-0.159894	-0.00438153	-0.00438153	-0.00438153	
0.735	4.04508	-0.176555	-0.00422164	-0.00422164	-0.00422164	
0.736	3.85257	-0.192519	-0.00404508	-0.00404508	-0.00404508	
0.737	3.64484	-0.207723	-0.00385257	-0.00385257	-0.00385257	
0.738	3.42274	-0.222108	-0.00364484	-0.00364484	-0.00364484	
0.739	3.18712	-0.235616	-0.00342274	-0.00342274	-0.00342274	
0.74	2.93893	-0.248194	-0.00318712	-0.00318712	-0.00318712	
0.741	2.67913	-0.259792	-0.00293893	-0.00293893	-0.00293893	
0.742	2.40877	-0.270366	-0.00267913	-0.00267913	-0.00267913	
0.743	2.1289	-0.279872	-0.00240877	-0.00240877	-0.00240877	
0.744	1.84062	-0.288274	-0.0021289	-0.0021289	-0.0021289	
0.745	1.54508	-0.295538	-0.00184062	-0.00184062	-0.00184062	
0.746	1.24345	-0.301636	-0.00154508	-0.00154508	-0.00154508	
0.747	0.936907	-0.306543	-0.00124345	-0.00124345	-0.00124345	
0.748	0.626666	-0.31024	-0.000936907	-0.000936907	-0.000936907	
0.749	0.313953	-0.312714	-0.000626666	-0.000626666	-0.000626666	
0.75	-1.50687e-13	-0.313953	-0.000313953	-0.000313953	-0.000313953	
0.751	-0.313953	-0.313953	1.11022e-16	1.50713e-16	1.50704e-16	
0.752	-0.626666	-0.312714	0.000313953	0.000313953	0.000313953	
0.753	-0.936907	-0.31024	0.000626666	0.000626666	0.000626666	
0.754	-1.24345	-0.306543	0.000936907	0.000936907	0.000936907	
0.755	-1.54508	-0.301636	0.00124345	0.00124345	0.00124345	
0.756	-1.84062	-0.295538	0.00154508	0.00154508	0.00154508	
0.757	-2.1289	-0.288274	0.00184062	0.00184062	0.00184062	
0.758	-2.40877	-0.279872	0.0021289	0.0021289	0.0021289	
0.759	-2.67913	-0.270366	0.00240877	0.00240877	0.00240877	
0.76	-2.93893	-0.259792	0.00267913	0.00267913	0.00267913	
0.761	-3.18712	-0.248194	0.00293893	0.00293893	0.00293893	
0.762	-3.42274	-0.235616	0.00318712	0.00318712	0.00318712	
0.763	-3.64484	-0.222108	0.00342274	0.00342274	0.00342274	
0.764	-3.85257	-0.207723	0.00364484	0.00364484	0.00364484	
0.765	-4.04508	-0.192519	0.00385257	0.00385257	0.00385257	
0.766	-4.22164	-0.176555	0.00404508	0.00404508	0.00404508	
0.767	-4.38153	-0.159894	0.00422164	0.00422164	0.00422164	
0.768	-4.52414	-0.142602	0.00438153	0.00438153	0.00438153	
0.769	-4.64888	-0.124747	0.00452414	0.00452414	0.00452414	
0.77	-4.75528	-0.1064	0.00464888	0.00464888	0.00464888	
0.771	-4.84292	-0.0876332	0.00475528	0.00475528	0.00475528	
0.772	-4.91144	-0.0685204	0.00484292	0.00484292	0.00484292	
0.773	-4.96057	-0.0491373	0.00491144	0.00491144	0.00491144	
0.774	-4.99013	-0.0295601	0.00496057	0.00496057	0.00496057	
0.775	-5	-0.00986636	0.00499013	0.00499013	0.00499013	
0.776	-4.99013	0.00986636	0.005	0.005	0.005	
0.777	-4.96057	0.0295601	0.00499013	0.00499013	0.00499013	
0.778	-4.91144	0.0491373	0.00496057	0.00496057	0.00496057	
0.779	-4.84292	0.0685204	0.00491144	0.00491144	0.00491144	
0.78	-4.75528	0.0876332	0.00484292	0.00484292	0.00484292	
0.781	-4.64888	0.1064	0.00475528	0.00475528	0.00475528	
0.782	-4.52414	0.124747	0.00464888	0.00464888	0.00464888	
0.783	-4.38153	0.142602	0.00452414	0.00452414	0.00452414	
0.784	-4.22164	0.159894	0.00438153	0.00438153	0.00438153	
0.785	-4.04508	0.176555	0.00422164	0.00422164	0.00422164	
0.786	-3.85257	0.192519	0.00404508	0.00404508	0.00404508	
0.787	-3.64484	0.207723	0.00385257	0.00385257	0.00385257	
0.788	-3.42274	0.222108	0.00364484	0.00364484	0.00364484	
0.789	-3.18712	0.235616	0.00342274	0.00342274	0.00342274	
0.79	-2.93893	0.248194	0.00318712	0.00318712	0.00318712	
0.791	-2.67913	0.259792	0.00293893	0.00293893	0.00293893	
0.792	-2.40877	0.270366	0.00267913	0.00267913	0.00267913	
0.793	-2.1289	0.279872	0.00240877	0.00240877	0.00240877	
0.794	-1.84062	0.288274	0.0021289	0.0021289	0.0021289	
0.795	-1.54508	0.295538	0.00184062	0.00184062	0.00184062	
0.796	-1.24345	0.301636	0.00154508	0.00154508	0.00154508	
0.797	-0.936907	0.306543	0.00124345	0.00124345	0.00124345	
0.798	-0.626666	0.31024	0.000936907	0.000936907	0.000936907	
0.799	-0.313953	0.312714	0.000626666	0.000626666	0.000626666	
0.8	1.67839e-13	0.313953	0.000313953	0.000313953	0.000313953	
0.801	0.313953	0.313953	-1.11022e-16	-1.6781e-16	-1.67834e-16	
0.802	0.626666	0.312714	-0.000313953	-0.000313953	-0.000313953	
0.803	0.936907	0.31024	-0.000626666	-0.000626666	-0.000626666	
0.804	1.24345	0.306543	-0.000936907	-0.000936907	-0.000936907	
0.805	1.54508	0.301636	-0.00124345	-0.00124345	-0.00124345	
0.806	1.84062	0.295538	-0.00154508	-0.00154508	-0.00154508	
0.807	2.1289	0.288274	-0.00184062	-0.00184062	-0.00184062	
0.808	2.40877	0.279872	-0.0021289	-0.0021289	-0.0021289	
0.809	2.67913	0.270366	-0.00240877	-0.00240877	-0.00240877	
0.81	2.93893	0.259792	-0.00267913	-0.00267913	-0.00267913	
0.811	3.18712	0.248194	-0.00293893	-0.00293893	-0.00293893	
0.812	3.42274	0.235616	-0.00318712	-0.00318712	-0.00318712	
0.813	3.64484	0.222108	-0.00342274	-0.00342274	-0.00342274	
0.814	3.85257	0.207723	-0.00364484	-0.00364484	-0.00364484	
0.815	4.04508	0.192519	-0.00385257	-0.00385257	-0.00385257	
0.816	4.22164	0.176555	-0.00404508	-0.00404508	-0.00404508	
0.817	4.38153	0.159894	-0.00422164	-0.00422164	-0.00422164	
0.818	4.52414	0.142602	-0.00438153	-0.00438153	-0.00438153	
0.819	4.64888	0.124747	-0.00452414	-0.00452414	-0.00452414	
0.82	4.75528	0.1064	-0.00464888	-0.00464888	-0.00464888	
0.821	4.84292	0.0876332	-0.00475528	-0.00475528	-0.00475528	
0.822	4.91144	0.0685204	-0.00484292	-0.00484292	-0.00484292	
0.823	4.96057	0.0491373	-0.00491144	-0.00491144	-0.00491144	
0.824	4.99013	0.0295601	-0.00496057	-0.00496057	-0.00496057	
0.825	5	0.00986636	-0.00499013	-0.00499013	-0.00499013	
0.826	4.99013	-0.00986636	-0.005	-0.005	-0.005	
0.827	4.96057	-0.0295601	-0.00499013	-0.00499013	-0.00499013	
0.828	4.91144	-0.0491373	-0.00496057	-0.00496057	-0.00496057	
0.829	4.84292	-0.0685204	-0.00491144	-0.00491144	-0.00491144	
0.83	4.75528	-0.0876332	-0.00484292	-0.00484292	-0.00484292	
0.831	4.64888	-0.1064	-0.00475528	-0.00475528	-0.00475528	
0.832	4.52414	-0.124747	-0.00464888	-0.00464888	-0.00464888	
0.833	4.38153	-0.142602	-0.00452414	-0.00452414	-0.00452414	
0.834	4.22164	-0.159894	-0.00438153	-0.00438153	-0.00438153	
0.835	4.04508	-0.176555	-0.00422164	-0.00422164	-0.00422164	
0.836	3.85257	-0.192519	-0.00404508	-0.00404508	-0.00404508	
0.837	3.64484	-0.207723	-0.00385257	-0.00385257	-0.00385257	
0.838	3.42274	-0.222108	-0.00364484	-0.00364484	-0.00364484	
0.839	3.18712	-0.235616	-0.00342274	-0.00342274	-0.00342274	
0.84	2.93893	-0.248194	-0.00318712	-0.00318712	-0.00318712	
0.841	2.67913	-0.259792	-0.00293893	-0.00293893	-0.00293893	
0.842	2.40877	-0.270366	-0.00267913	-0.00267913	-0.00267913	
0.843	2.1289	-0.279872	-0.00240877	-0.00240877	-0.00240877	
0.844	1.84062	-0.288274	-0.0021289	-0.0021289	-0.0021289	
0.845	1.54508	-0.295538	-0.00184062	-0.00184062	-0.00184062	
0.846	1.24345	-0.301636	-0.00154508	-0.00154508	-0.00154508	
0.847	0.936907	-0.306543	-0.00124345	-0.00124345	-0.00124345	
0.848	0.626666	-0.31024	-0.000936907	-0.000936907	-0.000936907	
0.849	0.313953	-0.312714	-0.000626666	-0.000626666	-0.000626666	
0.85	-1.8499e-13	-0.313953	-0.000313953	-0.000313953	-0.000313953	
0.851	-0.313953	-0.313953	1.11022e-16	1.84963e-16	1.84965e-16	
0.852	-0.626666	-0.312714	0.000313953	0.000313953	0.000313953	
0.853	-0.936907	-0.31024	0.000626666	0.000626666	0.000626666	
0.854	-1.24345	-0.306543	0.000936907	0.000936907	0.000936907	
0.855	-1.54508	-0.301636	0.00124345	0.00124345	0.00124345	
0.856	-1.84062	-0.295538	0.00154508	0.00154508	0.00154508	
0.857	-2.1289	-0.288274	0.00184062	0.00184062	0.00184062	
0.858	-2.40877	-0.279872	0.0021289	0.0021289	0.0021289	
0.859	-2.67913	-0.270366	0.00240877	0.00240877	0.00240877	
0.86	-2.93893	-0.259792	0.00267913	0.00267913	0.00267913	
0.861	-3.18712	-0.248194	0.00293893	0.00293893	0.00293893	
0.862	-3.42274	-0.235616	0.00318712	0.00318712	0.00318712	
0.863	-3.64484	-0.222108	0.00342274	0.00342274	0.00342274	
0.864	-3.85257	-0.207723	0.00364484	0.00364484	0.00364484	
0.865	-4.04508	-0.192519	0.00385257	0.00385257	0.00385257	
0.866	-4.22164	-0.176555	0.00404508	0.00404508	0.00404508	
0.867	-4.38153	-0.159894	0.00422164	0.00422164	0.00422164	
0.868	-4.52414	-0.142602	0.00438153	0.00438153	0.00438153	
0.869	-4.64888	-0.124747	0.00452414	0.00452414	0.00452414	
0.87	-4.75528	-0.1064	0.00464888	0.00464888	0.00464888	
0.871	-4.84292	-0.0876332	0.00475528	0.00475528	0.00475528	
0.872	-4.91144	-0.0685204	0.00484292	0.00484292	0.00484292	
0.873	-4.96057	-0.0491373	0.00491144	0.00491144	0.00491144	
0.874	-4.99013	-0.0295601	0.00496057	0.00496057	0.00496057	
0.875	-5	-0.00986636	0.00499013	0.00499013	0.00499013	
0.876	-4.99013	0.00986636	0.005	0.005	0.005	
0.877	-4.96057	0.0295601	0.00499013	0.00499013	0.00499013	
0.878	-4.91144	0.0491373	0.00496057	0.00496057	0.00496057	
0.879	-4.84292	0.0685204	0.00491144	0.00491144	0.00491144	
0.88	-4.75528	0.0876332	0.00484292	0.00484292	0.00484292	
0.881	-4.64888	0.1064	0.00475528	0.00475528	0.00475528	
0.882	-4.52414	0.124747	0.00464888	0.00464888	0.00464888	
0.883	-4.38153	0.142602	0.00452414	0.00452414	0.00452414	
0.884	-4.22164	0.159894	0.00438153	0.00438153	0.00438153	
0.885	-4.04508	0.176555	0.00422164	0.00422164	0.00422164	
0.886	-3.85257	0.192519	0.00404508	0.00404508	0.00404508	
0.887	-3.64484	0.207723	0.00385257	0.00385257	0.00385257	
0.888	-3.42274	0.222108	0.00364484	0.00364484	0.00364484	
0.889	-3.18712	0.235616	0.00342274	0.00342274	0.00342274	
0.89	-2.93893	0.248194	0.00318712	0.00318712	0.00318712	
0.891	-2.67913	0.259792	0.00293893	0.00293893	0.00293893	
0.892	-2.40877	0.270366	0.00267913	0.00267913	0.00267913	
0.893	-2.1289	0.279872	0.00240877	0.00240877	0.00240877	
0.894	-1.84062	0.288274	0.0021289	0.0021289	0.0021289	
0.895	-1.54508	0.295538	0.00184062	0.00184062	0.00184062	
0.896	-1.24345	0.301636	0.00154508	0.00154508	0.00154508	
0.897	-0.936907	0.306543	0.00124345	0.00124345	0.00124345	
0.898	-0.626666	0.31024	0.000936907	0.000936907	0.000936907	
0.899	-0.313953	0.312714	0.000626666	0.000626666	0.000626666	
0.9	2.02141e-13	0.313953	0.000313953	0.000313953	0.000313953	
0.901	0.313953	0.313953	-1.66533e-16	-2.02116e-16	-2.02095e-16	
0.902	0.626666	0.312714	-0.000313953	-0.000313953	-0.000313953	
0.903	0.936907	0.31024	-0.000626666	-0.000626666	-0.000626666	
0.904	1.24345	0.306543	-0.000936907	-0.000936907	-0.000936907	
0.905	1.54508	0.301636	-0.00124345	-0.00124345	-0.00124345	
0.906	1.84062	0.295538	-0.00154508	-0.00154508	-0.00154508	
0.907	2.1289	0.288274	-0.00184062	-0.00184062	-0.00184062	
0.908	2.40877	0.279872	-0.0021289	-0.0021289	-0.0021289	
0.909	2.67913	0.270366	-0.00240877	-0.00240877	-0.00240877	
0.91	2.93893	0.259792	-0.00267913	-0.00267913	-0.00267913	
0.911	3.18712	0.248194	-0.00293893	-0.00293893	-0.00293893	
0.912	3.42274	0.235616	-0.00318712	-0.00318712	-0.00318712	
0.913	3.64484	0.222108	-0.00342274	-0.00342274	-0.00342274	
0.914	3.85257	0.207723	-0.00364484	-0.00364484	-0.00364484	
0.915	4.04508	0.192519	-0.00385257	-0.00385257	-0.00385257	
0.916	4.22164	0.176555	-0.00404508	-0.00404508	-0.00404508	
0.917	4.38153	0.159894	-0.00422164	-0.00422164	-0.00422164	
0.918	4.52414	0.142602	-0.00438153	-0.00438153	-0.00438153	
0.919	4.64888	0.124747	-0.00452414	-0.00452414	-0.00452414	
0.92	4.75528	0.1064	-0.00464888	-0.00464888	-0.00464888	
0.921	4.84292	0.0876332	-0.00475528	-0.00475528	-0.00475528	
0.922	4.91144	0.0685204	-0.00484292	-0.00484292	-0.00484292	
0.923	4.96057	0.0491373	-0.00491144	-0.00491144	-0.00491144	
0.924	4.99013	0.0295601	-0.00496057	-0.00496057	-0.00496057	
0.925	5	0.00986636	-0.00499013	-0.00499013	-0.00499013	
0.926	4.99013	-0.00986636	-0.005	-0.005	-0.005	
0.927	4.96057	-0.0295601	-0.00499013	-0.00499013	-0.00499013	
0.928	4.91144	-0.0491373	-0.00496057	-0.00496057	-0.00496057	
0.929	4.84292	-0.0685204	-0.00491144	-0.00491144	-0.00491144	
0.93	4.75528	-0.0876332	-0.00484292	-0.00484292	-0.00484292	
0.931	4.64888	-0.1064	-0.00475528	-0.00475528	-0.00475528	
0.932	4.52414	-0.124747	-0.00464888	-0.00464888	-0.00464888	
0.933	4.38153	-0.142602	-0.00452414	-0.00452414	-0.00452414	
0.934	4.22164	-0.159894	-0.00438153	-0.00438153	-0.00438153	
0.935	4.04508	-0.176555	-0.00422164	-0.00422164	-0.00422164	
0.936	3.85257	-0.192519	-0.00404508	-0.00404508	-0.00404508	
0.937	3.64484	-0.207723	-0.00385257	-0.00385257	-0.00385257	
0.938	3.42274	-0.222108	-0.00364484	-0.00364484	-0.00364484	
0.939	3.18712	-0.235616	-0.00342274	-0.00342274	-0.00342274	
0.94	2.93893	-0.248194	-0.00318712	-0.00318712	-0.00318712	
0.941	2.67913	-0.259792	-0.00293893	-0.00293893	-0.00293893	
0.942	2.40877	-0.270366	-0.00267913	-0.00267913	-0.00267913	
0.943	2.1289	-0.279872	-0.00240877	-0.00240877	-0.00240877	
0.944	1.84062	-0.288274	-0.0021289	-0.0021289	-0.0021289	
0.945	1.54508	-0.295538	-0.00184062	-0.00184062	-0.00184062	
0.946	1.24345	-0.301636	-0.00154508	-0.00154508	-0.00154508	
0.947	0.936907	-0.306543	-0.00124345	-0.00124345	-0.00124345	
0.948	0.626666	-0.31024	-0.000936907	-0.000936907	-0.000936907	
0.949	0.313953	-0.312714	-0.000626666	-0.000626666	-0.000626666	
0.95	-2.19292e-13	-0.313953	-0.000313953	-0.000313953	-0.000313953	
0.951	-0.313953	-0.313953	1.66533e-16	2.19269e-16	2.1928e-16	
0.952	-0.626666	-0.312714	0.000313953	0.000313953	0.000313953	
0.953	-0.936907	-0.31024	0.000626666	0.000626666	0.000626666	
0.954	-1.24345	-0.306543	0.000936907	0.000936907	0.000936907	
0.955	-1.54508	-0.301636	0.00124345	0.00124345	0.00124345	
0.956	-1.84062	-0.295538	0.00154508	0.00154508	0.00154508	
0.957	-2.1289	-0.288274	0.00184062	0.00184062	0.00184062	
0.958	-2.40877	-0.279872	0.0021289	0.0021289	0.0021289	
0.959	-2.67913	-0.270366	0.00240877	0.00240877	0.00240877	
0.96	-2.93893	-0.259792	0.00267913	0.00267913	0.00267913	
0.961	-3.18712	-0.248194	0.00293893	0.00293893	0.00293893	
0.962	-3.42274	-0.235616	0.00318712	0.00318712	0.00318712	
0.963	-3.64484	-0.222108	0.00342274	0.00342274	0.00342274	
0.964	-3.85257	-0.207723	0.00364484	0.00364484	0.00364484	
0.965	-4.04508	-0.192519	0.00385257	0.00385257	0.00385257	
0.966	-4.22164	-0.176555	0.00404508	0.00404508	0.00404508	
0.967	-4.38153	-0.159894	0.00422164	0.00422164	0.00422164	
0.968	-4.52414	-0.142602	0.00438153	0.00438153	0.00438153	
0.969	-4.64888	-0.124747	0.00452414	0.00452414	0.00452414	
0.97	-4.75528	-0.1064	0.00464888	0.00464888	0.00464888	
0.971	-4.84292	-0.0876332	0.00475528	0.00475528	0.00475528	
0.972	-4.91144	-0.0685204	0.00484292	0.00484292	0.00484292	
0.973	-4.96057	-0.0491373	0.00491144	0.00491144	0.00491144	
0.974	-4.99013	-0.0295601	0.00496057	0.00496057	0.00496057	
0.975	-5	-0.00986636	0.00499013	0.00499013	0.00499013	
0.976	-4.99013	0.00986636	0.005	0.005	0.005	
0.977	-4.96057	0.0295601	0.00499013	0.00499013	0.00499013	
0.978	-4.91144	0.0491373	0.00496057	0.00496057	0.00496057	
0.979	-4.84292	0.0685204	0.00491144	0.00491144	0.00491144	
0.98	-4.75528	0.0876332	0.00484292	0.00484292	0.00484292	
0.981	-4.64888	0.1064	0.00475528	0.00475528	0.00475528	
0.982	-4.52414	0.124747	0.00464888	0.00464888	0.00464888	
0.983	-4.38153	0.142602	0.00452414	0.00452414	0.00452414	
0.984	-4.22164	0.159894	0.00438153	0.00438153	0.00438153	
0.985	-4.04508	0.176555	0.00422164	0.00422164	0.00422164	
0.986	-3.85257	0.192519	0.00404508	0.00404508	0.00404508	
0.987	-3.64484	0.207723	0.00385257	0.00385257	0.00385257	
0.988	-3.42274	0.222108	0.00364484	0.00364484	0.00364484	
0.989	-3.18712	0.235616	0.00342274	0.00342274	0.00342274	
0.99	-2.93893	0.248194	0.00318712	0.00318712	0.00318712	
0.991	-2.67913	0.259792	0.00293893	0.00293893	0.00293893	
0.992	-2.40877	0.270366	0.00267913	0.00267913	0.00267913	
0.993	-2.1289	0.279872	0.00240877	0.00240877	0.00240877	
0.994	-1.84062	0.288274	0.0021289	0.0021289	0.0021289	
0.995	-1.54508	0.295538	0.00184062	0.00184062	0.00184062	
0.996	-1.24345	0.301636	0.00154508	0.00154508	0.00154508	
0.997	-0.936907	0.306543	0.00124345	0.00124345	0.00124345	
0.998	-0.626666	0.31024	0.000936907	0.000936907	0.000936907	
0.999	-0.313953	0.312714	0.000626666	0.000626666	0.000626666	
1	-1.22464e-14	0.313953	0.000313953	0.000313953	0.000313953	
