Time	V(N001)	V(N002)	V(N003)	I(V1)	I(R1)	I(C1)	I(C2)	
0	0	-1.39058e-309	-6.95289e-310	-1.39058e-309	-1.39058e-309	-1.39058e-309	-1.39058e-309	
0.002	0.626666	-1.38502e-309	-6.92508e-310	-0.626666	-0.626666	-0.626666	-0.626666	
0.004	1.24345	0.00250666	0.00125333	-1.24094	-1.24094	-1.24094	-1.24094	
0.006	1.84062	0.00747044	0.00373522	-1.83315	-1.83315	-1.83315	-1.83315	
0.008	2.40877	0.014803	0.00740152	-2.39397	-2.39397	-2.39397	-2.39397	
0.01	2.93893	0.0243789	0.0121895	-2.91455	-2.91455	-2.91455	-2.91455	
0.012	3.42274	0.0360371	0.0180185	-3.3867	-3.3867	-3.3867	-3.3867	
0.014	3.85257	0.0495839	0.0247919	-3.80298	-3.80298	-3.80298	-3.80298	
0.016	4.22164	0.0647958	0.0323979	-4.15684	-4.15684	-4.15684	-4.15684	
0.018	4.52414	0.0814232	0.0407116	-4.44271	-4.44271	-4.44271	-4.44271	
0.02	4.75528	0.099194	0.049597	-4.65609	-4.65609	-4.65609	-4.65609	
0.022	4.91144	0.117818	0.0589092	-4.79362	-4.79362	-4.79362	-4.79362	
0.024	4.99013	0.136993	0.0684964	-4.85314	-4.85314	-4.85314	-4.85314	
0.026	4.99013	0.156405	0.0782027	-4.83373	-4.83373	-4.83373	-4.83373	
0.028	4.91144	0.17574	0.0878702	-4.7357	-4.7357	-4.7357	-4.7357	
0.03	4.75528	0.194683	0.0973416	-4.5606	-4.5606	-4.5606	-4.5606	
0.032	4.52414	0.212926	0.106463	-4.31121	-4.31121	-4.31121	-4.31121	
0.034	4.22164	0.23017	0.115085	-3.99147	-3.99147	-3.99147	-3.99147	
0.036	3.85257	0.246136	0.123068	-3.60643	-3.60643	-3.60643	-3.60643	
0.038	3.42274	0.260562	0.130281	-3.16217	-3.16217	-3.16217	-3.16217	
0.04	2.93893	0.273211	0.136605	-2.66572	-2.66572	-2.66572	-2.66572	
0.042	2.40877	0.283874	0.141937	-2.12489	-2.12489	-2.12489	-2.12489	
0.044	1.84062	0.292373	0.146187	-1.54825	-1.54825	-1.54825	-1.54825	
0.046	1.24345	0.298566	0.149283	-0.944883	-0.944883	-0.944883	-0.944883	
0.048	0.626666	0.302346	0.151173	-0.324321	-0.324321	-0.324321	-0.324321	
0.05	-8.26946e-15	0.303643	0.151821	0.303643	0.303643	0.303643	0.303643	
0.052	-0.626666	0.302428	0.151214	0.929095	0.929095	0.929095	0.929095	
0.054	-1.24345	0.298712	0.149356	1.54216	1.54216	1.54216	1.54216	
0.056	-1.84062	0.292543	0.146272	2.13317	2.13317	2.13317	2.13317	
0.058	-2.40877	0.284011	0.142005	2.69278	2.69278	2.69278	2.69278	
0.06	-2.93893	0.27324	0.13662	3.21217	3.21217	3.21217	3.21217	
0.062	-3.42274	0.260391	0.130195	3.68313	3.68313	3.68313	3.68313	
0.064	-3.85257	0.245658	0.122829	4.09822	4.09822	4.09822	4.09822	
0.066	-4.22164	0.229265	0.114633	4.45091	4.45091	4.45091	4.45091	
0.068	-4.52414	0.211462	0.105731	4.7356	4.7356	4.7356	4.7356	
0.07	-4.75528	0.192519	0.0962597	4.9478	4.9478	4.9478	4.9478	
0.072	-4.91144	0.172728	0.0863641	5.08416	5.08416	5.08416	5.08416	
0.074	-4.99013	0.152392	0.0761958	5.14253	5.14253	5.14253	5.14253	
0.076	-4.99013	0.131821	0.0659107	5.12196	5.12196	5.12196	5.12196	
0.078	-4.91144	0.111334	0.0556668	5.02277	5.02277	5.02277	5.02277	
0.08	-4.75528	0.0912426	0.0456213	4.84653	4.84653	4.84653	4.84653	
0.082	-4.52414	0.0718565	0.0359282	4.59599	4.59599	4.59599	4.59599	
0.084	-4.22164	0.0534725	0.0267363	4.27511	4.27511	4.27511	4.27511	
0.086	-3.85257	0.0363721	0.018186	3.88894	3.88894	3.88894	3.88894	
0.088	-3.42274	0.0208163	0.0104082	3.44355	3.44355	3.44355	3.44355	
0.09	-2.93893	0.00704212	0.00352106	2.94597	2.94597	2.94597	2.94597	
0.092	-2.40877	-0.00474176	-0.00237088	2.40403	2.40403	2.40403	2.40403	
0.094	-1.84062	-0.0143579	-0.00717893	1.82626	1.82626	1.82626	1.82626	
0.096	-1.24345	-0.0216629	-0.0108315	1.22179	1.22179	1.22179	1.22179	
0.098	-0.626666	-0.0265501	-0.013275	0.600116	0.600116	0.600116	0.600116	
0.1	2.09798e-14	-0.0289505	-0.0144753	-0.0289505	-0.0289505	-0.0289505	-0.0289505	
0.102	0.626666	-0.0288347	-0.0144174	-0.655501	-0.655501	-0.655501	-0.655501	
0.104	1.24345	-0.0262127	-0.0131064	-1.26966	-1.26966	-1.26966	-1.26966	
0.106	1.84062	-0.0211341	-0.010567	-1.86176	-1.86176	-1.86176	-1.86176	
0.108	2.40877	-0.0136871	-0.00684353	-2.42246	-2.42246	-2.42246	-2.42246	
0.11	2.93893	-0.00399723	-0.00199862	-2.94292	-2.94292	-2.94292	-2.94292	
0.112	3.42274	0.00777446	0.00388723	-3.41496	-3.41496	-3.41496	-3.41496	
0.114	3.85257	0.0214343	0.0107172	-3.83113	-3.83113	-3.83113	-3.83113	
0.116	4.22164	0.0367588	0.0183794	-4.18488	-4.18488	-4.18488	-4.18488	
0.118	4.52414	0.0534984	0.0267492	-4.47064	-4.47064	-4.47064	-4.47064	
0.12	4.75528	0.0713809	0.0356905	-4.6839	-4.6839	-4.6839	-4.6839	
0.122	4.91144	0.0901165	0.0450583	-4.82132	-4.82132	-4.82132	-4.82132	
0.124	4.99013	0.109402	0.0547009	-4.88073	-4.88073	-4.88073	-4.88073	
0.126	4.99013	0.128925	0.0644624	-4.86121	-4.86121	-4.86121	-4.86121	
0.128	4.91144	0.14837	0.0741848	-4.76307	-4.76307	-4.76307	-4.76307	
0.13	4.75528	0.167422	0.0837109	-4.58786	-4.58786	-4.58786	-4.58786	
0.132	4.52414	0.185773	0.0928866	-4.33836	-4.33836	-4.33836	-4.33836	
0.134	4.22164	0.203127	0.101563	-4.01851	-4.01851	-4.01851	-4.01851	
0.136	3.85257	0.219201	0.1096	-3.63337	-3.63337	-3.63337	-3.63337	
0.138	3.42274	0.233734	0.116867	-3.189	-3.189	-3.189	-3.189	
0.14	2.93893	0.24649	0.123245	-2.69244	-2.69244	-2.69244	-2.69244	
0.142	2.40877	0.25726	0.12863	-2.15151	-2.15151	-2.15151	-2.15151	
0.144	1.84062	0.265866	0.132933	-1.57476	-1.57476	-1.57476	-1.57476	
0.146	1.24345	0.272165	0.136083	-0.971284	-0.971284	-0.971284	-0.971284	
0.148	0.626666	0.27605	0.138025	-0.350616	-0.350616	-0.350616	-0.350616	
0.15	-3.36902e-14	0.277453	0.138726	0.277453	0.277453	0.277453	0.277453	
0.152	-0.626666	0.276343	0.138171	0.903009	0.903009	0.903009	0.903009	
0.154	-1.24345	0.272731	0.136365	1.51618	1.51618	1.51618	1.51618	
0.156	-1.84062	0.266666	0.133333	2.10729	2.10729	2.10729	2.10729	
0.158	-2.40877	0.258237	0.129118	2.66701	2.66701	2.66701	2.66701	
0.16	-2.93893	0.247569	0.123784	3.1865	3.1865	3.1865	3.1865	
0.162	-3.42274	0.234823	0.117411	3.65756	3.65756	3.65756	3.65756	
0.164	-3.85257	0.220193	0.110096	4.07276	4.07276	4.07276	4.07276	
0.166	-4.22164	0.203902	0.101951	4.42554	4.42554	4.42554	4.42554	
0.168	-4.52414	0.186199	0.0930997	4.71033	4.71033	4.71033	4.71033	
0.17	-4.75528	0.167358	0.0836791	4.92264	4.92264	4.92264	4.92264	
0.172	-4.91144	0.147668	0.0738338	5.0591	5.0591	5.0591	5.0591	
0.174	-4.99013	0.127431	0.0637156	5.11756	5.11756	5.11756	5.11756	
0.176	-4.99013	0.106961	0.0534805	5.09709	5.09709	5.09709	5.09709	
0.178	-4.91144	0.0865725	0.0432863	4.99801	4.99801	4.99801	4.99801	
0.18	-4.75528	0.0665805	0.0332902	4.82186	4.82186	4.82186	4.82186	
0.182	-4.52414	0.047293	0.0236465	4.57143	4.57143	4.57143	4.57143	
0.184	-4.22164	0.0290073	0.0145037	4.25065	4.25065	4.25065	4.25065	
0.186	-3.85257	0.0120047	0.00600237	3.86457	3.86457	3.86457	3.86457	
0.188	-3.42274	-0.00345355	-0.00172677	3.41928	3.41928	3.41928	3.41928	
0.19	-2.93893	-0.0171307	-0.00856534	2.9218	2.9218	2.9218	2.9218	
0.192	-2.40877	-0.0288179	-0.0144089	2.37995	2.37995	2.37995	2.37995	
0.194	-1.84062	-0.0383377	-0.0191688	1.80229	1.80229	1.80229	1.80229	
0.196	-1.24345	-0.0455468	-0.0227734	1.1979	1.1979	1.1979	1.1979	
0.198	-0.626666	-0.0503384	-0.0251692	0.576328	0.576328	0.576328	0.576328	
0.2	4.19596e-14	-0.0526437	-0.0263219	-0.0526437	-0.0526437	-0.0526437	-0.0526437	
0.202	0.626666	-0.0524331	-0.0262166	-0.679099	-0.679099	-0.679099	-0.679099	
0.204	1.24345	-0.0497168	-0.0248584	-1.29317	-1.29317	-1.29317	-1.29317	
0.206	1.84062	-0.0445441	-0.022272	-1.88517	-1.88517	-1.88517	-1.88517	
0.208	2.40877	-0.0370034	-0.0185017	-2.44577	-2.44577	-2.44577	-2.44577	
0.21	2.93893	-0.0272203	-0.0136102	-2.96615	-2.96615	-2.96615	-2.96615	
0.212	3.42274	-0.0153557	-0.00767787	-3.43809	-3.43809	-3.43809	-3.43809	
0.214	3.85257	-0.00160338	-0.00080169	-3.85417	-3.85417	-3.85417	-3.85417	
0.216	4.22164	0.0138133	0.00690665	-4.20783	-4.20783	-4.20783	-4.20783	
0.218	4.52414	0.0306446	0.0153223	-4.49349	-4.49349	-4.49349	-4.49349	
0.22	4.75528	0.0486186	0.0243093	-4.70666	-4.70666	-4.70666	-4.70666	
0.222	4.91144	0.0674452	0.0337226	-4.84399	-4.84399	-4.84399	-4.84399	
0.224	4.99013	0.0868212	0.0434106	-4.90331	-4.90331	-4.90331	-4.90331	
0.226	4.99013	0.106434	0.0532172	-4.8837	-4.8837	-4.8837	-4.8837	
0.228	4.91144	0.125969	0.0629846	-4.78547	-4.78547	-4.78547	-4.78547	
0.23	4.75528	0.145111	0.0725556	-4.61017	-4.61017	-4.61017	-4.61017	
0.232	4.52414	0.163552	0.0817759	-4.36058	-4.36058	-4.36058	-4.36058	
0.234	4.22164	0.180994	0.0904971	-4.04065	-4.04065	-4.04065	-4.04065	
0.236	3.85257	0.197157	0.0985784	-3.65541	-3.65541	-3.65541	-3.65541	
0.238	3.42274	0.211778	0.105889	-3.21096	-3.21096	-3.21096	-3.21096	
0.24	2.93893	0.224622	0.112311	-2.7143	-2.7143	-2.7143	-2.7143	
0.242	2.40877	0.235479	0.11774	-2.17329	-2.17329	-2.17329	-2.17329	
0.244	1.84062	0.244173	0.122086	-1.59645	-1.59645	-1.59645	-1.59645	
0.246	1.24345	0.250558	0.125279	-0.992891	-0.992891	-0.992891	-0.992891	
0.248	0.626666	0.25453	0.127265	-0.372136	-0.372136	-0.372136	-0.372136	
0.25	-5.02291e-14	0.256018	0.128009	0.256018	0.256018	0.256018	0.256018	
0.252	-0.626666	0.254994	0.127497	0.881661	0.881661	0.881661	0.881661	
0.254	-1.24345	0.251468	0.125734	1.49492	1.49492	1.49492	1.49492	
0.256	-1.84062	0.245488	0.122744	2.08611	2.08611	2.08611	2.08611	
0.258	-2.40877	0.237144	0.118572	2.64591	2.64591	2.64591	2.64591	
0.26	-2.93893	0.22656	0.11328	3.16549	3.16549	3.16549	3.16549	
0.262	-3.42274	0.213898	0.106949	3.63663	3.63663	3.63663	3.63663	
0.264	-3.85257	0.199351	0.0996757	4.05192	4.05192	4.05192	4.05192	
0.266	-4.22164	0.183144	0.0915719	4.40478	4.40478	4.40478	4.40478	
0.268	-4.52414	0.165525	0.0827623	4.68966	4.68966	4.68966	4.68966	
0.27	-4.75528	0.146766	0.073383	4.90205	4.90205	4.90205	4.90205	
0.272	-4.91144	0.127158	0.0635789	5.03859	5.03859	5.03859	5.03859	
0.274	-4.99013	0.107003	0.0535017	5.09714	5.09714	5.09714	5.09714	
0.276	-4.99013	0.0866149	0.0433075	5.07675	5.07675	5.07675	5.07675	
0.278	-4.91144	0.0663079	0.033154	4.97774	4.97774	4.97774	4.97774	
0.28	-4.75528	0.046397	0.0231985	4.80168	4.80168	4.80168	4.80168	
0.282	-4.52414	0.0271902	0.0135951	4.55133	4.55133	4.55133	4.55133	
0.284	-4.22164	0.00898494	0.00449247	4.23062	4.23062	4.23062	4.23062	
0.286	-3.85257	-0.00793756	-0.00396878	3.84463	3.84463	3.84463	3.84463	
0.288	-3.42274	-0.0233161	-0.011658	3.39942	3.39942	3.39942	3.39942	
0.29	-2.93893	-0.0369137	-0.0184569	2.90201	2.90201	2.90201	2.90201	
0.292	-2.40877	-0.0485218	-0.0242609	2.36025	2.36025	2.36025	2.36025	
0.294	-1.84062	-0.0579628	-0.0289814	1.78266	1.78266	1.78266	1.78266	
0.296	-1.24345	-0.0650934	-0.0325467	1.17836	1.17836	1.17836	1.17836	
0.298	-0.626666	-0.0698068	-0.0349034	0.556859	0.556859	0.556859	0.556859	
0.3	6.73803e-14	-0.0720343	-0.0360171	-0.0720343	-0.0720343	-0.0720343	-0.0720343	
0.302	0.626666	-0.0717461	-0.0358731	-0.698412	-0.698412	-0.698412	-0.698412	
0.304	1.24345	-0.0689525	-0.0344762	-1.3124	-1.3124	-1.3124	-1.3124	
0.306	1.84062	-0.0637029	-0.0318514	-1.90433	-1.90433	-1.90433	-1.90433	
0.308	2.40877	-0.0560856	-0.0280428	-2.46485	-2.46485	-2.46485	-2.46485	
0.31	2.93893	-0.0462262	-0.0231131	-2.98515	-2.98515	-2.98515	-2.98515	
0.312	3.42274	-0.0342856	-0.0171428	-3.45702	-3.45702	-3.45702	-3.45702	
0.314	3.85257	-0.0204575	-0.0102287	-3.87302	-3.87302	-3.87302	-3.87302	
0.316	4.22164	-0.00496538	-0.00248269	-4.22661	-4.22661	-4.22661	-4.22661	
0.318	4.52414	0.011941	0.00597052	-4.51219	-4.51219	-4.51219	-4.51219	
0.32	4.75528	0.0299898	0.0149949	-4.72529	-4.72529	-4.72529	-4.72529	
0.322	4.91144	0.048891	0.0244455	-4.86255	-4.86255	-4.86255	-4.86255	
0.324	4.99013	0.0683412	0.0341706	-4.92179	-4.92179	-4.92179	-4.92179	
0.326	4.99013	0.0880283	0.0440142	-4.90211	-4.90211	-4.90211	-4.90211	
0.328	4.91144	0.107637	0.0538184	-4.8038	-4.8038	-4.8038	-4.8038	
0.33	4.75528	0.126852	0.063426	-4.62843	-4.62843	-4.62843	-4.62843	
0.332	4.52414	0.145366	0.0726828	-4.37877	-4.37877	-4.37877	-4.37877	
0.334	4.22164	0.162881	0.0814404	-4.05876	-4.05876	-4.05876	-4.05876	
0.336	3.85257	0.179116	0.0895579	-3.67345	-3.67345	-3.67345	-3.67345	
0.338	3.42274	0.19381	0.0969048	-3.22893	-3.22893	-3.22893	-3.22893	
0.34	2.93893	0.206725	0.103363	-2.7322	-2.7322	-2.7322	-2.7322	
0.342	2.40877	0.217654	0.108827	-2.19111	-2.19111	-2.19111	-2.19111	
0.344	1.84062	0.226419	0.113209	-1.6142	-1.6142	-1.6142	-1.6142	
0.346	1.24345	0.232875	0.116438	-1.01057	-1.01057	-1.01057	-1.01057	
0.348	0.626666	0.236918	0.118459	-0.389748	-0.389748	-0.389748	-0.389748	
0.35	-8.45316e-14	0.238477	0.119238	0.238477	0.238477	0.238477	0.238477	
0.352	-0.626666	0.237523	0.118761	0.864189	0.864189	0.864189	0.864189	
0.354	-1.24345	0.234066	0.117033	1.47752	1.47752	1.47752	1.47752	
0.356	-1.84062	0.228156	0.114078	2.06878	2.06878	2.06878	2.06878	
0.358	-2.40877	0.219881	0.10994	2.62865	2.62865	2.62865	2.62865	
0.36	-2.93893	0.209366	0.104683	3.14829	3.14829	3.14829	3.14829	
0.362	-3.42274	0.196773	0.0983865	3.61951	3.61951	3.61951	3.61951	
0.364	-3.85257	0.182295	0.0911475	4.03486	4.03486	4.03486	4.03486	
0.366	-4.22164	0.166156	0.0830778	4.3878	4.3878	4.3878	4.3878	
0.368	-4.52414	0.148604	0.0743022	4.67274	4.67274	4.67274	4.67274	
0.37	-4.75528	0.129913	0.0649567	4.8852	4.8852	4.8852	4.8852	
0.372	-4.91144	0.110373	0.0551863	5.02181	5.02181	5.02181	5.02181	
0.374	-4.99013	0.0902854	0.0451427	5.08042	5.08042	5.08042	5.08042	
0.376	-4.99013	0.0699637	0.0349819	5.0601	5.0601	5.0601	5.0601	
0.378	-4.91144	0.0497234	0.0248617	4.96116	4.96116	4.96116	4.96116	
0.38	-4.75528	0.0298787	0.0149394	4.78516	4.78516	4.78516	4.78516	
0.382	-4.52414	0.0107381	0.00536903	4.53487	4.53487	4.53487	4.53487	
0.384	-4.22164	-0.00740142	-0.00370071	4.21424	4.21424	4.21424	4.21424	
0.386	-3.85257	-0.0242584	-0.0121292	3.82831	3.82831	3.82831	3.82831	
0.388	-3.42274	-0.0395716	-0.0197858	3.38316	3.38316	3.38316	3.38316	
0.39	-2.93893	-0.0531043	-0.0265521	2.88582	2.88582	2.88582	2.88582	
0.392	-2.40877	-0.0646476	-0.0323238	2.34412	2.34412	2.34412	2.34412	
0.394	-1.84062	-0.074024	-0.037012	1.7666	1.7666	1.7666	1.7666	
0.396	-1.24345	-0.0810904	-0.0405452	1.16236	1.16236	1.16236	1.16236	
0.398	-0.626666	-0.0857399	-0.0428699	0.540926	0.540926	0.540926	0.540926	
0.4	8.39193e-14	-0.0879036	-0.0439518	-0.0879036	-0.0879036	-0.0879036	-0.0879036	
0.402	0.626666	-0.087552	-0.043776	-0.714218	-0.714218	-0.714218	-0.714218	
0.404	1.24345	-0.0846951	-0.0423475	-1.32814	-1.32814	-1.32814	-1.32814	
0.406	1.84062	-0.0793825	-0.0396913	-1.92001	-1.92001	-1.92001	-1.92001	
0.408	2.40877	-0.0717025	-0.0358512	-2.48047	-2.48047	-2.48047	-2.48047	
0.41	2.93893	-0.0617806	-0.0308903	-3.00071	-3.00071	-3.00071	-3.00071	
0.412	3.42274	-0.0497778	-0.0248889	-3.47251	-3.47251	-3.47251	-3.47251	
0.414	3.85257	-0.0358877	-0.0179439	-3.88845	-3.88845	-3.88845	-3.88845	
0.416	4.22164	-0.0203339	-0.010167	-4.24197	-4.24197	-4.24197	-4.24197	
0.418	4.52414	-0.00336601	-0.00168301	-4.5275	-4.5275	-4.5275	-4.5275	
0.42	4.75528	0.014744	0.007372	-4.74054	-4.74054	-4.74054	-4.74054	
0.422	4.91144	0.0337061	0.0168531	-4.87773	-4.87773	-4.87773	-4.87773	
0.424	4.99013	0.0532171	0.0266085	-4.93692	-4.93692	-4.93692	-4.93692	
0.426	4.99013	0.0729647	0.0364824	-4.91717	-4.91717	-4.91717	-4.91717	
0.428	4.91144	0.0926334	0.0463167	-4.8188	-4.8188	-4.8188	-4.8188	
0.43	4.75528	0.111909	0.0559543	-4.64337	-4.64337	-4.64337	-4.64337	
0.432	4.52414	0.130482	0.0652411	-4.39365	-4.39365	-4.39365	-4.39365	
0.434	4.22164	0.148057	0.0740284	-4.07358	-4.07358	-4.07358	-4.07358	
0.436	3.85257	0.164351	0.0821755	-3.68822	-3.68822	-3.68822	-3.68822	
0.438	3.42274	0.179104	0.089552	-3.24363	-3.24363	-3.24363	-3.24363	
0.44	2.93893	0.192078	0.0960392	-2.74685	-2.74685	-2.74685	-2.74685	
0.442	2.40877	0.203066	0.101533	-2.2057	-2.2057	-2.2057	-2.2057	
0.444	1.84062	0.211889	0.105944	-1.62873	-1.62873	-1.62873	-1.62873	
0.446	1.24345	0.218404	0.109202	-1.02505	-1.02505	-1.02505	-1.02505	
0.448	0.626666	0.222504	0.111252	-0.404162	-0.404162	-0.404162	-0.404162	
0.45	-1.0107e-13	0.22412	0.11206	0.22412	0.22412	0.22412	0.22412	
0.452	-0.626666	0.223224	0.111612	0.84989	0.84989	0.84989	0.84989	
0.454	-1.24345	0.219824	0.109912	1.46327	1.46327	1.46327	1.46327	
0.456	-1.84062	0.213971	0.106986	2.05459	2.05459	2.05459	2.05459	
0.458	-2.40877	0.205753	0.102876	2.61452	2.61452	2.61452	2.61452	
0.46	-2.93893	0.195295	0.0976474	3.13422	3.13422	3.13422	3.13422	
0.462	-3.42274	0.182758	0.091379	3.60549	3.60549	3.60549	3.60549	
0.464	-3.85257	0.168336	0.084168	4.0209	4.0209	4.0209	4.0209	
0.466	-4.22164	0.152252	0.0761262	4.37389	4.37389	4.37389	4.37389	
0.468	-4.52414	0.134757	0.0673784	4.65889	4.65889	4.65889	4.65889	
0.47	-4.75528	0.116121	0.0580606	4.8714	4.8714	4.8714	4.8714	
0.472	-4.91144	0.0966356	0.0483178	5.00807	5.00807	5.00807	5.00807	
0.474	-4.99013	0.0766033	0.0383017	5.06674	5.06674	5.06674	5.06674	
0.476	-4.99013	0.0563364	0.0281682	5.04647	5.04647	5.04647	5.04647	
0.478	-4.91144	0.0361505	0.0180752	4.94759	4.94759	4.94759	4.94759	
0.48	-4.75528	0.0163601	0.00818007	4.77164	4.77164	4.77164	4.77164	
0.482	-4.52414	-0.00272643	-0.00136321	4.52141	4.52141	4.52141	4.52141	
0.484	-4.22164	-0.0208121	-0.010406	4.20083	4.20083	4.20083	4.20083	
0.486	-3.85257	-0.0376154	-0.0188077	3.81495	3.81495	3.81495	3.81495	
0.488	-3.42274	-0.0528752	-0.0264376	3.36986	3.36986	3.36986	3.36986	
0.49	-2.93893	-0.0663546	-0.0331773	2.87257	2.87257	2.87257	2.87257	
0.492	-2.40877	-0.0778449	-0.0389225	2.33092	2.33092	2.33092	2.33092	
0.494	-1.84062	-0.0871686	-0.0435843	1.75345	1.75345	1.75345	1.75345	
0.496	-1.24345	-0.0941824	-0.0470912	1.14927	1.14927	1.14927	1.14927	
0.498	-0.626666	-0.0987795	-0.0493897	0.527887	0.527887	0.527887	0.527887	
0.5	1.00458e-13	-0.100891	-0.0504455	-0.100891	-0.100891	-0.100891	-0.100891	
0.502	0.626666	-0.100487	-0.0502437	-0.727154	-0.727154	-0.727154	-0.727154	
0.504	1.24345	-0.0975789	-0.0487894	-1.34103	-1.34103	-1.34103	-1.34103	
0.506	1.84062	-0.0922147	-0.0461074	-1.93284	-1.93284	-1.93284	-1.93284	
0.508	2.40877	-0.0844834	-0.0422417	-2.49325	-2.49325	-2.49325	-2.49325	
0.51	2.93893	-0.0745104	-0.0372552	-3.01344	-3.01344	-3.01344	-3.01344	
0.512	3.42274	-0.0624566	-0.0312283	-3.48519	-3.48519	-3.48519	-3.48519	
0.514	3.85257	-0.0485159	-0.0242579	-3.90108	-3.90108	-3.90108	-3.90108	
0.516	4.22164	-0.0329115	-0.0164558	-4.25455	-4.25455	-4.25455	-4.25455	
0.518	4.52414	-0.0158933	-0.00794667	-4.54003	-4.54003	-4.54003	-4.54003	
0.52	4.75528	0.00226678	0.00113339	-4.75302	-4.75302	-4.75302	-4.75302	
0.522	4.91144	0.0212788	0.0106394	-4.89016	-4.89016	-4.89016	-4.89016	
0.524	4.99013	0.0408395	0.0204197	-4.94929	-4.94929	-4.94929	-4.94929	
0.526	4.99013	0.0606366	0.0303183	-4.9295	-4.9295	-4.9295	-4.9295	
0.528	4.91144	0.0803546	0.0401773	-4.83108	-4.83108	-4.83108	-4.83108	
0.53	4.75528	0.099679	0.0498395	-4.6556	-4.6556	-4.6556	-4.6556	
0.532	4.52414	0.118301	0.0591507	-4.40583	-4.40583	-4.40583	-4.40583	
0.534	4.22164	0.135925	0.0679624	-4.08571	-4.08571	-4.08571	-4.08571	
0.536	3.85257	0.152268	0.0761338	-3.7003	-3.7003	-3.7003	-3.7003	
0.538	3.42274	0.167069	0.0835344	-3.25567	-3.25567	-3.25567	-3.25567	
0.54	2.93893	0.180091	0.0900457	-2.75883	-2.75883	-2.75883	-2.75883	
0.542	2.40877	0.191127	0.0955634	-2.21764	-2.21764	-2.21764	-2.21764	
0.544	1.84062	0.199997	0.0999987	-1.64063	-1.64063	-1.64063	-1.64063	
0.546	1.24345	0.20656	0.10328	-1.03689	-1.03689	-1.03689	-1.03689	
0.548	0.626666	0.210707	0.105354	-0.415959	-0.415959	-0.415959	-0.415959	
0.55	-1.17609e-13	0.212371	0.106186	0.212371	0.212371	0.212371	0.212371	
0.552	-0.626666	0.211522	0.105761	0.838188	0.838188	0.838188	0.838188	
0.554	-1.24345	0.208169	0.104084	1.45162	1.45162	1.45162	1.45162	
0.556	-1.84062	0.202363	0.101181	2.04299	2.04299	2.04299	2.04299	
0.558	-2.40877	0.194191	0.0970953	2.60296	2.60296	2.60296	2.60296	
0.56	-2.93893	0.183779	0.0918894	3.12271	3.12271	3.12271	3.12271	
0.562	-3.42274	0.171288	0.085644	3.59402	3.59402	3.59402	3.59402	
0.564	-3.85257	0.156912	0.0784559	4.00948	4.00948	4.00948	4.00948	
0.566	-4.22164	0.140874	0.070437	4.36251	4.36251	4.36251	4.36251	
0.568	-4.52414	0.123424	0.0617119	4.64756	4.64756	4.64756	4.64756	
0.57	-4.75528	0.104834	0.0524168	4.86012	4.86012	4.86012	4.86012	
0.572	-4.91144	0.0853932	0.0426966	4.99683	4.99683	4.99683	4.99683	
0.574	-4.99013	0.0654058	0.0327029	5.05554	5.05554	5.05554	5.05554	
0.576	-4.99013	0.0451837	0.0225918	5.03532	5.03532	5.03532	5.03532	
0.578	-4.91144	0.0250424	0.0125212	4.93648	4.93648	4.93648	4.93648	
0.58	-4.75528	0.00529651	0.00264825	4.76058	4.76058	4.76058	4.76058	
0.582	-4.52414	-0.0137458	-0.0068729	4.51039	4.51039	4.51039	4.51039	
0.584	-4.22164	-0.0317874	-0.0158937	4.18985	4.18985	4.18985	4.18985	
0.586	-3.85257	-0.0485468	-0.0242734	3.80402	3.80402	3.80402	3.80402	
0.588	-3.42274	-0.0637629	-0.0318814	3.35897	3.35897	3.35897	3.35897	
0.59	-2.93893	-0.0771987	-0.0385994	2.86173	2.86173	2.86173	2.86173	
0.592	-2.40877	-0.0886457	-0.0443228	2.32012	2.32012	2.32012	2.32012	
0.594	-1.84062	-0.0979261	-0.0489631	1.7427	1.7427	1.7427	1.7427	
0.596	-1.24345	-0.104897	-0.0524485	1.13855	1.13855	1.13855	1.13855	
0.598	-0.626666	-0.109451	-0.0547256	0.517215	0.517215	0.517215	0.517215	
0.6	1.34761e-13	-0.11152	-0.05576	-0.11152	-0.11152	-0.11152	-0.11152	
0.602	0.626666	-0.111074	-0.055537	-0.73774	-0.73774	-0.73774	-0.73774	
0.604	1.24345	-0.108123	-0.0540615	-1.35157	-1.35157	-1.35157	-1.35157	
0.606	1.84062	-0.102717	-0.0513583	-1.94334	-1.94334	-1.94334	-1.94334	
0.608	2.40877	-0.0949433	-0.0474717	-2.50371	-2.50371	-2.50371	-2.50371	
0.61	2.93893	-0.0849285	-0.0424642	-3.02385	-3.02385	-3.02385	-3.02385	
0.612	3.42274	-0.072833	-0.0364165	-3.49557	-3.49557	-3.49557	-3.49557	
0.614	3.85257	-0.0588508	-0.0294254	-3.91142	-3.91142	-3.91142	-3.91142	
0.616	4.22164	-0.0432051	-0.0216026	-4.26484	-4.26484	-4.26484	-4.26484	
0.618	4.52414	-0.0261457	-0.0130729	-4.55028	-4.55028	-4.55028	-4.55028	
0.62	4.75528	-0.0079446	-0.0039723	-4.76323	-4.76323	-4.76323	-4.76323	
0.622	4.91144	0.0111083	0.00555415	-4.90033	-4.90033	-4.90033	-4.90033	
0.624	4.99013	0.0307096	0.0153548	-4.95942	-4.95942	-4.95942	-4.95942	
0.626	4.99013	0.0505473	0.0252737	-4.93959	-4.93959	-4.93959	-4.93959	
0.628	4.91144	0.0703057	0.0351528	-4.84113	-4.84113	-4.84113	-4.84113	
0.63	4.75528	0.0896702	0.0448351	-4.66561	-4.66561	-4.66561	-4.66561	
0.632	4.52414	0.108333	0.0541663	-4.4158	-4.4158	-4.4158	-4.4158	
0.634	4.22164	0.125996	0.0629979	-4.09564	-4.09564	-4.09564	-4.09564	
0.636	3.85257	0.142378	0.0711892	-3.71019	-3.71019	-3.71019	-3.71019	
0.638	3.42274	0.157219	0.0786096	-3.26552	-3.26552	-3.26552	-3.26552	
0.64	2.93893	0.170281	0.0851406	-2.76865	-2.76865	-2.76865	-2.76865	
0.642	2.40877	0.181356	0.0906779	-2.22741	-2.22741	-2.22741	-2.22741	
0.644	1.84062	0.190265	0.0951327	-1.65036	-1.65036	-1.65036	-1.65036	
0.646	1.24345	0.196867	0.0984334	-1.04658	-1.04658	-1.04658	-1.04658	
0.648	0.626666	0.201053	0.100527	-0.425613	-0.425613	-0.425613	-0.425613	
0.65	-1.51912e-13	0.202756	0.101378	0.202756	0.202756	0.202756	0.202756	
0.652	-0.626666	0.201945	0.100972	0.828611	0.828611	0.828611	0.828611	
0.654	-1.24345	0.19863	0.0993151	1.44208	1.44208	1.44208	1.44208	
0.656	-1.84062	0.192862	0.0964309	2.03348	2.03348	2.03348	2.03348	
0.658	-2.40877	0.184728	0.092364	2.5935	2.5935	2.5935	2.5935	
0.66	-2.93893	0.174354	0.087177	3.11328	3.11328	3.11328	3.11328	
0.662	-3.42274	0.161901	0.0809504	3.58464	3.58464	3.58464	3.58464	
0.664	-3.85257	0.147562	0.0737811	4.00013	4.00013	4.00013	4.00013	
0.666	-4.22164	0.131562	0.0657809	4.3532	4.3532	4.3532	4.3532	
0.668	-4.52414	0.114149	0.0570745	4.63828	4.63828	4.63828	4.63828	
0.67	-4.75528	0.0955958	0.0477979	4.85088	4.85088	4.85088	4.85088	
0.672	-4.91144	0.0761923	0.0380962	4.98763	4.98763	4.98763	4.98763	
0.674	-4.99013	0.0562418	0.0281209	5.04638	5.04638	5.04638	5.04638	
0.676	-4.99013	0.0360563	0.0180282	5.02619	5.02619	5.02619	5.02619	
0.678	-4.91144	0.0159516	0.00797578	4.92739	4.92739	4.92739	4.92739	
0.68	-4.75528	-0.003758	-0.001879	4.75152	4.75152	4.75152	4.75152	
0.682	-4.52414	-0.0227641	-0.011382	4.50137	4.50137	4.50137	4.50137	
0.684	-4.22164	-0.0407696	-0.0203848	4.18087	4.18087	4.18087	4.18087	
0.686	-3.85257	-0.0574931	-0.0287465	3.79507	3.79507	3.79507	3.79507	
0.688	-3.42274	-0.0726734	-0.0363367	3.35006	3.35006	3.35006	3.35006	
0.69	-2.93893	-0.0860736	-0.0430368	2.85285	2.85285	2.85285	2.85285	
0.692	-2.40877	-0.097485	-0.0487425	2.31128	2.31128	2.31128	2.31128	
0.694	-1.84062	-0.10673	-0.0533651	1.73389	1.73389	1.73389	1.73389	
0.696	-1.24345	-0.113666	-0.0568329	1.12978	1.12978	1.12978	1.12978	
0.698	-0.626666	-0.118185	-0.0590924	0.508481	0.508481	0.508481	0.508481	
0.7	1.69063e-13	-0.120219	-0.0601094	-0.120219	-0.120219	-0.120219	-0.120219	
0.702	0.626666	-0.119738	-0.059869	-0.746404	-0.746404	-0.746404	-0.746404	
0.704	1.24345	-0.116752	-0.0583761	-1.3602	-1.3602	-1.3602	-1.3602	
0.706	1.84062	-0.111311	-0.0556557	-1.95193	-1.95193	-1.95193	-1.95193	
0.708	2.40877	-0.103504	-0.0517519	-2.51227	-2.51227	-2.51227	-2.51227	
0.71	2.93893	-0.0934547	-0.0467273	-3.03238	-3.03238	-3.03238	-3.03238	
0.712	3.42274	-0.0813251	-0.0406626	-3.50406	-3.50406	-3.50406	-3.50406	
0.714	3.85257	-0.0673089	-0.0336544	-3.91988	-3.91988	-3.91988	-3.91988	
0.716	4.22164	-0.0516294	-0.0258147	-4.27327	-4.27327	-4.27327	-4.27327	
0.718	4.52414	-0.0345363	-0.0172682	-4.55867	-4.55867	-4.55867	-4.55867	
0.72	4.75528	-0.0163016	-0.00815081	-4.77158	-4.77158	-4.77158	-4.77158	
0.722	4.91144	0.00278471	0.00139236	-4.90865	-4.90865	-4.90865	-4.90865	
0.724	4.99013	0.0224193	0.0112097	-4.96771	-4.96771	-4.96771	-4.96771	
0.726	4.99013	0.0422902	0.0211451	-4.94784	-4.94784	-4.94784	-4.94784	
0.728	4.91144	0.0620815	0.0310408	-4.84935	-4.84935	-4.84935	-4.84935	
0.73	4.75528	0.081479	0.0407395	-4.6738	-4.6738	-4.6738	-4.6738	
0.732	4.52414	0.100174	0.0500871	-4.42396	-4.42396	-4.42396	-4.42396	
0.734	4.22164	0.11787	0.058935	-4.10377	-4.10377	-4.10377	-4.10377	
0.736	3.85257	0.134285	0.0671426	-3.71828	-3.71828	-3.71828	-3.71828	
0.738	3.42274	0.149158	0.0745791	-3.27358	-3.27358	-3.27358	-3.27358	
0.74	2.93893	0.162253	0.0811263	-2.77667	-2.77667	-2.77667	-2.77667	
0.742	2.40877	0.173359	0.0866796	-2.23541	-2.23541	-2.23541	-2.23541	
0.744	1.84062	0.182301	0.0911504	-1.65832	-1.65832	-1.65832	-1.65832	
0.746	1.24345	0.188934	0.0944671	-1.05452	-1.05452	-1.05452	-1.05452	
0.748	0.626666	0.193152	0.0965761	-0.433514	-0.433514	-0.433514	-0.433514	
0.75	-1.50687e-13	0.194886	0.0974431	0.194886	0.194886	0.194886	0.194886	
0.752	-0.626666	0.194107	0.0970534	0.820773	0.820773	0.820773	0.820773	
0.754	-1.24345	0.190824	0.0954118	1.43427	1.43427	1.43427	1.43427	
0.756	-1.84062	0.185087	0.0925433	2.02571	2.02571	2.02571	2.02571	
0.758	-2.40877	0.176984	0.0884919	2.58575	2.58575	2.58575	2.58575	
0.76	-2.93893	0.166641	0.0833204	3.10557	3.10557	3.10557	3.10557	
0.762	-3.42274	0.154218	0.0771092	3.57695	3.57695	3.57695	3.57695	
0.764	-3.85257	0.139911	0.0699553	3.99248	3.99248	3.99248	3.99248	
0.766	-4.22164	0.123941	0.0619704	4.34558	4.34558	4.34558	4.34558	
0.768	-4.52414	0.106558	0.0532792	4.63069	4.63069	4.63069	4.63069	
0.77	-4.75528	0.0880356	0.0440178	4.84332	4.84332	4.84332	4.84332	
0.772	-4.91144	0.0686623	0.0343312	4.9801	4.9801	4.9801	4.9801	
0.774	-4.99013	0.0487419	0.024371	5.03888	5.03888	5.03888	5.03888	
0.776	-4.99013	0.0285864	0.0142932	5.01872	5.01872	5.01872	5.01872	
0.778	-4.91144	0.00851156	0.00425578	4.91995	4.91995	4.91995	4.91995	
0.78	-4.75528	-0.0111682	-0.00558411	4.74411	4.74411	4.74411	4.74411	
0.782	-4.52414	-0.0301447	-0.0150723	4.49399	4.49399	4.49399	4.49399	
0.784	-4.22164	-0.0481206	-0.0240603	4.17352	4.17352	4.17352	4.17352	
0.786	-3.85257	-0.0648147	-0.0324074	3.78775	3.78775	3.78775	3.78775	
0.788	-3.42274	-0.0799657	-0.0399829	3.34277	3.34277	3.34277	3.34277	
0.79	-2.93893	-0.0933368	-0.0466684	2.84559	2.84559	2.84559	2.84559	
0.792	-2.40877	-0.104719	-0.0523596	2.30405	2.30405	2.30405	2.30405	
0.794	-1.84062	-0.113935	-0.0569677	1.72669	1.72669	1.72669	1.72669	
0.796	-1.24345	-0.120842	-0.0604211	1.12261	1.12261	1.12261	1.12261	
0.798	-0.626666	-0.125333	-0.0626663	0.501334	0.501334	0.501334	0.501334	
0.8	1.67839e-13	-0.127338	-0.0636689	-0.127338	-0.127338	-0.127338	-0.127338	
0.802	0.626666	-0.126829	-0.0634143	-0.753495	-0.753495	-0.753495	-0.753495	
0.804	1.24345	-0.123815	-0.0619073	-1.36726	-1.36726	-1.36726	-1.36726	
0.806	1.84062	-0.118345	-0.0591727	-1.95897	-1.95897	-1.95897	-1.95897	
0.808	2.40877	-0.11051	-0.0552548	-2.51928	-2.51928	-2.51928	-2.51928	
0.81	2.93893	-0.100433	-0.0502163	-3.03936	-3.03936	-3.03936	-3.03936	
0.812	3.42274	-0.0882751	-0.0441375	-3.51101	-3.51101	-3.51101	-3.51101	
0.814	3.85257	-0.074231	-0.0371155	-3.9268	-3.9268	-3.9268	-3.9268	
0.816	4.22164	-0.0585238	-0.0292619	-4.28016	-4.28016	-4.28016	-4.28016	
0.818	4.52414	-0.0414032	-0.0207016	-4.56554	-4.56554	-4.56554	-4.56554	
0.82	4.75528	-0.023141	-0.0115705	-4.77842	-4.77842	-4.77842	-4.77842	
0.822	4.91144	-0.00402734	-0.00201367	-4.91546	-4.91546	-4.91546	-4.91546	
0.824	4.99013	0.0156345	0.00781726	-4.9745	-4.9745	-4.9745	-4.9745	
0.826	4.99013	0.0355325	0.0177663	-4.9546	-4.9546	-4.9546	-4.9546	
0.828	4.91144	0.0553509	0.0276755	-4.85609	-4.85609	-4.85609	-4.85609	
0.83	4.75528	0.0747753	0.0373876	-4.68051	-4.68051	-4.68051	-4.68051	
0.832	4.52414	0.0934973	0.0467486	-4.43064	-4.43064	-4.43064	-4.43064	
0.834	4.22164	0.11122	0.0556099	-4.11042	-4.11042	-4.11042	-4.11042	
0.836	3.85257	0.127662	0.0638308	-3.7249	-3.7249	-3.7249	-3.7249	
0.838	3.42274	0.142561	0.0712806	-3.28017	-3.28017	-3.28017	-3.28017	
0.84	2.93893	0.155682	0.0778409	-2.78324	-2.78324	-2.78324	-2.78324	
0.842	2.40877	0.166815	0.0834074	-2.24195	-2.24195	-2.24195	-2.24195	
0.844	1.84062	0.175783	0.0878913	-1.66484	-1.66484	-1.66484	-1.66484	
0.846	1.24345	0.182442	0.091221	-1.06101	-1.06101	-1.06101	-1.06101	
0.848	0.626666	0.186686	0.093343	-0.43998	-0.43998	-0.43998	-0.43998	
0.85	-1.8499e-13	0.188446	0.094223	0.188446	0.188446	0.188446	0.188446	
0.852	-0.626666	0.187692	0.0938461	0.814358	0.814358	0.814358	0.814358	
0.854	-1.24345	0.184435	0.0922174	1.42788	1.42788	1.42788	1.42788	
0.856	-1.84062	0.178723	0.0893616	2.01935	2.01935	2.01935	2.01935	
0.858	-2.40877	0.170646	0.0853229	2.57941	2.57941	2.57941	2.57941	
0.86	-2.93893	0.160328	0.0801641	3.09925	3.09925	3.09925	3.09925	
0.862	-3.42274	0.147931	0.0739656	3.57067	3.57067	3.57067	3.57067	
0.864	-3.85257	0.133648	0.0668242	3.98621	3.98621	3.98621	3.98621	
0.866	-4.22164	0.117704	0.0588518	4.33934	4.33934	4.33934	4.33934	
0.868	-4.52414	0.100346	0.0501731	4.62448	4.62448	4.62448	4.62448	
0.87	-4.75528	0.0818483	0.0409242	4.83713	4.83713	4.83713	4.83713	
0.872	-4.91144	0.0624998	0.0312499	4.97394	4.97394	4.97394	4.97394	
0.874	-4.99013	0.042604	0.021302	5.03274	5.03274	5.03274	5.03274	
0.876	-4.99013	0.0224731	0.0112365	5.01261	5.01261	5.01261	5.01261	
0.878	-4.91144	0.00242266	0.00121133	4.91386	4.91386	4.91386	4.91386	
0.88	-4.75528	-0.0172328	-0.00861639	4.73805	4.73805	4.73805	4.73805	
0.882	-4.52414	-0.036185	-0.0180925	4.48795	4.48795	4.48795	4.48795	
0.884	-4.22164	-0.0541368	-0.0270684	4.1675	4.1675	4.1675	4.1675	
0.886	-3.85257	-0.0708068	-0.0354034	3.78176	3.78176	3.78176	3.78176	
0.888	-3.42274	-0.0859338	-0.0429669	3.3368	3.3368	3.3368	3.3368	
0.89	-2.93893	-0.099281	-0.0496405	2.83965	2.83965	2.83965	2.83965	
0.892	-2.40877	-0.11064	-0.0553198	2.29813	2.29813	2.29813	2.29813	
0.894	-1.84062	-0.119832	-0.0599161	1.72079	1.72079	1.72079	1.72079	
0.896	-1.24345	-0.126715	-0.0633576	1.11673	1.11673	1.11673	1.11673	
0.898	-0.626666	-0.131182	-0.0655911	0.495484	0.495484	0.495484	0.495484	
0.9	2.02141e-13	-0.133164	-0.0665821	-0.133164	-0.133164	-0.133164	-0.133164	
0.902	0.626666	-0.132632	-0.0663158	-0.759298	-0.759298	-0.759298	-0.759298	
0.904	1.24345	-0.129594	-0.0647972	-1.37304	-1.37304	-1.37304	-1.37304	
0.906	1.84062	-0.124102	-0.0620511	-1.96472	-1.96472	-1.96472	-1.96472	
0.908	2.40877	-0.116243	-0.0581216	-2.52501	-2.52501	-2.52501	-2.52501	
0.91	2.93893	-0.106143	-0.0530716	-3.04507	-3.04507	-3.04507	-3.04507	
0.912	3.42274	-0.0939629	-0.0469815	-3.5167	-3.5167	-3.5167	-3.5167	
0.914	3.85257	-0.0798961	-0.0399481	-3.93246	-3.93246	-3.93246	-3.93246	
0.916	4.22164	-0.0641663	-0.0320831	-4.28581	-4.28581	-4.28581	-4.28581	
0.918	4.52414	-0.0470231	-0.0235115	-4.57116	-4.57116	-4.57116	-4.57116	
0.92	4.75528	-0.0287384	-0.0143692	-4.78402	-4.78402	-4.78402	-4.78402	
0.922	4.91144	-0.00960233	-0.00480117	-4.92104	-4.92104	-4.92104	-4.92104	
0.924	4.99013	0.0100818	0.00504091	-4.98005	-4.98005	-4.98005	-4.98005	
0.926	4.99013	0.030002	0.015001	-4.96013	-4.96013	-4.96013	-4.96013	
0.928	4.91144	0.0498426	0.0249213	-4.86159	-4.86159	-4.86159	-4.86159	
0.93	4.75528	0.0692889	0.0346445	-4.68599	-4.68599	-4.68599	-4.68599	
0.932	4.52414	0.0880329	0.0440165	-4.4361	-4.4361	-4.4361	-4.4361	
0.934	4.22164	0.105777	0.0528887	-4.11586	-4.11586	-4.11586	-4.11586	
0.936	3.85257	0.122241	0.0611204	-3.73033	-3.73033	-3.73033	-3.73033	
0.938	3.42274	0.137162	0.068581	-3.28557	-3.28557	-3.28557	-3.28557	
0.94	2.93893	0.150304	0.0751522	-2.78862	-2.78862	-2.78862	-2.78862	
0.942	2.40877	0.161459	0.0807294	-2.24731	-2.24731	-2.24731	-2.24731	
0.944	1.84062	0.170448	0.085224	-1.67017	-1.67017	-1.67017	-1.67017	
0.946	1.24345	0.177129	0.0885644	-1.06632	-1.06632	-1.06632	-1.06632	
0.948	0.626666	0.181394	0.090697	-0.445272	-0.445272	-0.445272	-0.445272	
0.95	-2.19292e-13	0.183175	0.0915876	0.183175	0.183175	0.183175	0.183175	
0.952	-0.626666	0.182442	0.0912212	0.809109	0.809109	0.809109	0.809109	
0.954	-1.24345	0.179206	0.089603	1.42266	1.42266	1.42266	1.42266	
0.956	-1.84062	0.173515	0.0867577	2.01414	2.01414	2.01414	2.01414	
0.958	-2.40877	0.165459	0.0827294	2.57423	2.57423	2.57423	2.57423	
0.96	-2.93893	0.155162	0.077581	3.09409	3.09409	3.09409	3.09409	
0.962	-3.42274	0.142786	0.0713928	3.56552	3.56552	3.56552	3.56552	
0.964	-3.85257	0.128523	0.0642617	3.98109	3.98109	3.98109	3.98109	
0.966	-4.22164	0.112599	0.0562996	4.33424	4.33424	4.33424	4.33424	
0.968	-4.52414	0.0952622	0.0476311	4.6194	4.6194	4.6194	4.6194	
0.97	-4.75528	0.0767846	0.0383923	4.83207	4.83207	4.83207	4.83207	
0.972	-4.91144	0.0574563	0.0287282	4.96889	4.96889	4.96889	4.96889	
0.974	-4.99013	0.0375808	0.0187904	5.02771	5.02771	5.02771	5.02771	
0.976	-4.99013	0.0174699	0.00873495	5.0076	5.0076	5.0076	5.0076	
0.978	-4.91144	-0.00256052	-0.00128026	4.90888	4.90888	4.90888	4.90888	
0.98	-4.75528	-0.022196	-0.011098	4.73309	4.73309	4.73309	4.73309	
0.982	-4.52414	-0.0411284	-0.0205642	4.48301	4.48301	4.48301	4.48301	
0.984	-4.22164	-0.0590604	-0.0295302	4.16258	4.16258	4.16258	4.16258	
0.986	-3.85257	-0.0757107	-0.0378554	3.77686	3.77686	3.77686	3.77686	
0.988	-3.42274	-0.0908181	-0.0454091	3.33192	3.33192	3.33192	3.33192	
0.99	-2.93893	-0.104146	-0.0520729	2.83478	2.83478	2.83478	2.83478	
0.992	-2.40877	-0.115485	-0.0577425	2.29328	2.29328	2.29328	2.29328	
0.994	-1.84062	-0.124658	-0.062329	1.71596	1.71596	1.71596	1.71596	
0.996	-1.24345	-0.131522	-0.065761	1.11193	1.11193	1.11193	1.11193	
0.998	-0.626666	-0.13597	-0.0679848	0.490697	0.490697	0.490697	0.490697	
1	2.00916e-13	-0.137932	-0.0689662	-0.137932	-0.137932	-0.137932	-0.137932	
1.002	0.626666	-0.137381	-0.0686903	-0.764047	-0.764047	-0.764047	-0.764047	
1.004	1.24345	-0.134324	-0.0671622	-1.37777	-1.37777	-1.37777	-1.37777	
1.006	1.84062	-0.128813	-0.0644067	-1.96944	-1.96944	-1.96944	-1.96944	
1.008	2.40877	-0.120936	-0.0604678	-2.5297	-2.5297	-2.5297	-2.5297	
1.01	2.93893	-0.110817	-0.0554084	-3.04974	-3.04974	-3.04974	-3.04974	
1.012	3.42274	-0.0986179	-0.0493089	-3.52135	-3.52135	-3.52135	-3.52135	
1.014	3.85257	-0.0845325	-0.0422662	-3.9371	-3.9371	-3.9371	-3.9371	
1.016	4.22164	-0.0687841	-0.034392	-4.29042	-4.29042	-4.29042	-4.29042	
1.018	4.52414	-0.0516224	-0.0258112	-4.57576	-4.57576	-4.57576	-4.57576	
1.02	4.75528	-0.0333193	-0.0166597	-4.7886	-4.7886	-4.7886	-4.7886	
1.022	4.91144	-0.0141649	-0.00708246	-4.9256	-4.9256	-4.9256	-4.9256	
1.024	4.99013	0.00553748	0.00276874	-4.9846	-4.9846	-4.9846	-4.9846	
1.026	4.99013	0.0254759	0.0127379	-4.96466	-4.96466	-4.96466	-4.96466	
1.028	4.91144	0.0453345	0.0226672	-4.8661	-4.8661	-4.8661	-4.8661	
1.03	4.75528	0.0647989	0.0323995	-4.69048	-4.69048	-4.69048	-4.69048	
1.032	4.52414	0.0835608	0.0417804	-4.44057	-4.44057	-4.44057	-4.44057	
1.034	4.22164	0.101323	0.0506616	-4.12032	-4.12032	-4.12032	-4.12032	
1.036	3.85257	0.117804	0.0589022	-3.73476	-3.73476	-3.73476	-3.73476	
1.038	3.42274	0.132743	0.0663717	-3.28999	-3.28999	-3.28999	-3.28999	
1.04	2.93893	0.145903	0.0729517	-2.79302	-2.79302	-2.79302	-2.79302	
1.042	2.40877	0.157076	0.0785378	-2.25169	-2.25169	-2.25169	-2.25169	
1.044	1.84062	0.166082	0.0830411	-1.67454	-1.67454	-1.67454	-1.67454	
1.046	1.24345	0.17278	0.0863902	-1.07067	-1.07067	-1.07067	-1.07067	
1.048	0.626666	0.177063	0.0885316	-0.449603	-0.449603	-0.449603	-0.449603	
1.05	-2.18068e-13	0.178862	0.0894308	0.178862	0.178862	0.178862	0.178862	
1.052	-0.626666	0.178146	0.089073	0.804812	0.804812	0.804812	0.804812	
1.054	-1.24345	0.174927	0.0874634	1.41838	1.41838	1.41838	1.41838	
1.056	-1.84062	0.169253	0.0846267	2.00988	2.00988	2.00988	2.00988	
1.058	-2.40877	0.161214	0.0806069	2.56998	2.56998	2.56998	2.56998	
1.06	-2.93893	0.150934	0.0754669	3.08986	3.08986	3.08986	3.08986	
1.062	-3.42274	0.138574	0.0692872	3.56131	3.56131	3.56131	3.56131	
1.064	-3.85257	0.124329	0.0621646	3.9769	3.9769	3.9769	3.9769	
1.066	-4.22164	0.108422	0.0542108	4.33006	4.33006	4.33006	4.33006	
1.068	-4.52414	0.0911014	0.0455507	4.61524	4.61524	4.61524	4.61524	
1.07	-4.75528	0.0726404	0.0363202	4.82792	4.82792	4.82792	4.82792	
1.072	-4.91144	0.0533287	0.0266644	4.96477	4.96477	4.96477	4.96477	
1.074	-4.99013	0.0334697	0.0167348	5.0236	5.0236	5.0236	5.0236	
1.076	-4.99013	0.0133753	0.00668764	5.00351	5.00351	5.00351	5.00351	
1.078	-4.91144	-0.00663876	-0.00331938	4.9048	4.9048	4.9048	4.9048	
1.08	-4.75528	-0.0262579	-0.013129	4.72902	4.72902	4.72902	4.72902	
1.082	-4.52414	-0.045174	-0.022587	4.47896	4.47896	4.47896	4.47896	
1.084	-4.22164	-0.0630899	-0.0315449	4.15855	4.15855	4.15855	4.15855	
1.086	-3.85257	-0.0797241	-0.039862	3.77284	3.77284	3.77284	3.77284	
1.088	-3.42274	-0.0948155	-0.0474077	3.32792	3.32792	3.32792	3.32792	
1.09	-2.93893	-0.108127	-0.0540636	2.8308	2.8308	2.8308	2.8308	
1.092	-2.40877	-0.11945	-0.0597252	2.28932	2.28932	2.28932	2.28932	
1.094	-1.84062	-0.128608	-0.0643038	1.71202	1.71202	1.71202	1.71202	
1.096	-1.24345	-0.135456	-0.0677278	1.10799	1.10799	1.10799	1.10799	
1.098	-0.626666	-0.139888	-0.0699438	0.486779	0.486779	0.486779	0.486779	
1.1	2.35219e-13	-0.141835	-0.0709174	-0.141835	-0.141835	-0.141835	-0.141835	
1.102	0.626666	-0.141267	-0.0706337	-0.767934	-0.767934	-0.767934	-0.767934	
1.104	1.24345	-0.138196	-0.0690978	-1.38165	-1.38165	-1.38165	-1.38165	
1.106	1.84062	-0.132669	-0.0663346	-1.97329	-1.97329	-1.97329	-1.97329	
1.108	2.40877	-0.124776	-0.062388	-2.53354	-2.53354	-2.53354	-2.53354	
1.11	2.93893	-0.114642	-0.0573209	-3.05357	-3.05357	-3.05357	-3.05357	
1.112	3.42274	-0.102427	-0.0512137	-3.52516	-3.52516	-3.52516	-3.52516	
1.114	3.85257	-0.0883268	-0.0441634	-3.94089	-3.94089	-3.94089	-3.94089	
1.116	4.22164	-0.0725633	-0.0362816	-4.2942	-4.2942	-4.2942	-4.2942	
1.118	4.52414	-0.0553865	-0.0276932	-4.57952	-4.57952	-4.57952	-4.57952	
1.12	4.75528	-0.0370684	-0.0185342	-4.79235	-4.79235	-4.79235	-4.79235	
1.122	4.91144	-0.017899	-0.00894948	-4.92934	-4.92934	-4.92934	-4.92934	
1.124	4.99013	0.00181838	0.000909189	-4.98832	-4.98832	-4.98832	-4.98832	
1.126	4.99013	0.0217716	0.0108858	-4.96836	-4.96836	-4.96836	-4.96836	
1.128	4.91144	0.0416451	0.0208225	-4.86979	-4.86979	-4.86979	-4.86979	
1.13	4.75528	0.0611243	0.0305621	-4.69416	-4.69416	-4.69416	-4.69416	
1.132	4.52414	0.0799009	0.0399504	-4.44423	-4.44423	-4.44423	-4.44423	
1.134	4.22164	0.0976778	0.0488389	-4.12396	-4.12396	-4.12396	-4.12396	
1.136	3.85257	0.114174	0.0570868	-3.73839	-3.73839	-3.73839	-3.73839	
1.138	3.42274	0.129127	0.0645636	-3.29361	-3.29361	-3.29361	-3.29361	
1.14	2.93893	0.142302	0.0711508	-2.79662	-2.79662	-2.79662	-2.79662	
1.142	2.40877	0.153488	0.0767441	-2.25528	-2.25528	-2.25528	-2.25528	
1.144	1.84062	0.162509	0.0812546	-1.67811	-1.67811	-1.67811	-1.67811	
1.146	1.24345	0.169222	0.0846109	-1.07423	-1.07423	-1.07423	-1.07423	
1.148	0.626666	0.173519	0.0867593	-0.453148	-0.453148	-0.453148	-0.453148	
1.15	-2.5237e-13	0.175331	0.0876656	0.175331	0.175331	0.175331	0.175331	
1.152	-0.626666	0.17463	0.087315	0.801296	0.801296	0.801296	0.801296	
1.154	-1.24345	0.171425	0.0857124	1.41487	1.41487	1.41487	1.41487	
1.156	-1.84062	0.165765	0.0828826	2.00639	2.00639	2.00639	2.00639	
1.158	-2.40877	0.15774	0.0788698	2.56651	2.56651	2.56651	2.56651	
1.16	-2.93893	0.147474	0.0737368	3.0864	3.0864	3.0864	3.0864	
1.162	-3.42274	0.135128	0.067564	3.55786	3.55786	3.55786	3.55786	
1.164	-3.85257	0.120897	0.0604483	3.97346	3.97346	3.97346	3.97346	
1.166	-4.22164	0.105003	0.0525014	4.32664	4.32664	4.32664	4.32664	
1.168	-4.52414	0.0876962	0.0438481	4.61183	4.61183	4.61183	4.61183	
1.17	-4.75528	0.0692489	0.0346244	4.82453	4.82453	4.82453	4.82453	
1.172	-4.91144	0.0499507	0.0249754	4.96139	4.96139	4.96139	4.96139	
1.174	-4.99013	0.0301052	0.0150526	5.02024	5.02024	5.02024	5.02024	
1.176	-4.99013	0.0100242	0.00501211	5.00016	5.00016	5.00016	5.00016	
1.178	-4.91144	-0.0099764	-0.0049882	4.90146	4.90146	4.90146	4.90146	
1.18	-4.75528	-0.0295822	-0.0147911	4.7257	4.7257	4.7257	4.7257	
1.182	-4.52414	-0.048485	-0.0242425	4.47565	4.47565	4.47565	4.47565	
1.184	-4.22164	-0.0663876	-0.0331938	4.15525	4.15525	4.15525	4.15525	
1.186	-3.85257	-0.0830087	-0.0415043	3.76956	3.76956	3.76956	3.76956	
1.188	-3.42274	-0.0980869	-0.0490434	3.32465	3.32465	3.32465	3.32465	
1.19	-2.93893	-0.111385	-0.0556927	2.82754	2.82754	2.82754	2.82754	
1.192	-2.40877	-0.122696	-0.0613478	2.28607	2.28607	2.28607	2.28607	
1.194	-1.84062	-0.13184	-0.06592	1.70878	1.70878	1.70878	1.70878	
1.196	-1.24345	-0.138675	-0.0693375	1.10477	1.10477	1.10477	1.10477	
1.198	-0.626666	-0.143094	-0.0715471	0.483572	0.483572	0.483572	0.483572	
1.2	2.69521e-13	-0.145028	-0.0725142	-0.145028	-0.145028	-0.145028	-0.145028	
1.202	0.626666	-0.144448	-0.0722242	-0.771115	-0.771115	-0.771115	-0.771115	
1.204	1.24345	-0.141364	-0.0706819	-1.38481	-1.38481	-1.38481	-1.38481	
1.206	1.84062	-0.135825	-0.0679123	-1.97645	-1.97645	-1.97645	-1.97645	
1.208	2.40877	-0.127919	-0.0639594	-2.53669	-2.53669	-2.53669	-2.53669	
1.21	2.93893	-0.117772	-0.058886	-3.0567	-3.0567	-3.0567	-3.0567	
1.212	3.42274	-0.105545	-0.0527726	-3.52828	-3.52828	-3.52828	-3.52828	
1.214	3.85257	-0.0914322	-0.0457161	-3.944	-3.944	-3.944	-3.944	
1.216	4.22164	-0.0756562	-0.0378281	-4.2973	-4.2973	-4.2973	-4.2973	
1.218	4.52414	-0.058467	-0.0292335	-4.5826	-4.5826	-4.5826	-4.5826	
1.22	4.75528	-0.0401366	-0.0200683	-4.79542	-4.79542	-4.79542	-4.79542	
1.222	4.91144	-0.0209549	-0.0104775	-4.93239	-4.93239	-4.93239	-4.93239	
1.224	4.99013	-0.00122534	-0.000612671	-4.99136	-4.99136	-4.99136	-4.99136	
1.226	4.99013	0.0187401	0.00937005	-4.97139	-4.97139	-4.97139	-4.97139	
1.228	4.91144	0.0386257	0.0193128	-4.87281	-4.87281	-4.87281	-4.87281	
1.23	4.75528	0.0581169	0.0290585	-4.69717	-4.69717	-4.69717	-4.69717	
1.232	4.52414	0.0769056	0.0384528	-4.44723	-4.44723	-4.44723	-4.44723	
1.234	4.22164	0.0946945	0.0473472	-4.12695	-4.12695	-4.12695	-4.12695	
1.236	3.85257	0.111202	0.0556011	-3.74136	-3.74136	-3.74136	-3.74136	
1.238	3.42274	0.126168	0.0630839	-3.29657	-3.29657	-3.29657	-3.29657	
1.24	2.93893	0.139354	0.069677	-2.79957	-2.79957	-2.79957	-2.79957	
1.242	2.40877	0.150552	0.0752761	-2.25822	-2.25822	-2.25822	-2.25822	
1.244	1.84062	0.159585	0.0797926	-1.68104	-1.68104	-1.68104	-1.68104	
1.246	1.24345	0.166309	0.0831547	-1.07714	-1.07714	-1.07714	-1.07714	
1.248	0.626666	0.170618	0.0853089	-0.456048	-0.456048	-0.456048	-0.456048	
1.25	-2.86673e-13	0.172442	0.086221	0.172442	0.172442	0.172442	0.172442	
1.252	-0.626666	0.171752	0.0858761	0.798418	0.798418	0.798418	0.798418	
1.254	-1.24345	0.168559	0.0842793	1.41201	1.41201	1.41201	1.41201	
1.256	-1.84062	0.162911	0.0814553	2.00353	2.00353	2.00353	2.00353	
1.258	-2.40877	0.154896	0.0774482	2.56366	2.56366	2.56366	2.56366	
1.26	-2.93893	0.144642	0.0723209	3.08357	3.08357	3.08357	3.08357	
1.262	-3.42274	0.132308	0.0661538	3.55504	3.55504	3.55504	3.55504	
1.264	-3.85257	0.118087	0.0590437	3.97065	3.97065	3.97065	3.97065	
1.266	-4.22164	0.102205	0.0511024	4.32384	4.32384	4.32384	4.32384	
1.268	-4.52414	0.0849094	0.0424547	4.60904	4.60904	4.60904	4.60904	
1.27	-4.75528	0.0664732	0.0332366	4.82176	4.82176	4.82176	4.82176	
1.272	-4.91144	0.0471862	0.0235931	4.95862	4.95862	4.95862	4.95862	
1.274	-4.99013	0.0273517	0.0136758	5.01749	5.01749	5.01749	5.01749	
1.276	-4.99013	0.00728172	0.00364086	4.99742	4.99742	4.99742	4.99742	
1.278	-4.91144	-0.0127079	-0.00635397	4.89873	4.89873	4.89873	4.89873	
1.28	-4.75528	-0.0323029	-0.0161514	4.72298	4.72298	4.72298	4.72298	
1.282	-4.52414	-0.0511948	-0.0255974	4.47294	4.47294	4.47294	4.47294	
1.284	-4.22164	-0.0690865	-0.0345433	4.15255	4.15255	4.15255	4.15255	
1.286	-3.85257	-0.0856967	-0.0428484	3.76687	3.76687	3.76687	3.76687	
1.288	-3.42274	-0.100764	-0.0503821	3.32197	3.32197	3.32197	3.32197	
1.29	-2.93893	-0.114052	-0.0570261	2.82487	2.82487	2.82487	2.82487	
1.292	-2.40877	-0.125352	-0.0626758	2.28342	2.28342	2.28342	2.28342	
1.294	-1.84062	-0.134485	-0.0672426	1.70614	1.70614	1.70614	1.70614	
1.296	-1.24345	-0.14131	-0.0706549	1.10214	1.10214	1.10214	1.10214	
1.298	-0.626666	-0.145718	-0.0728592	0.480948	0.480948	0.480948	0.480948	
1.3	3.03824e-13	-0.147642	-0.0738211	-0.147642	-0.147642	-0.147642	-0.147642	
1.302	0.626666	-0.147052	-0.0735258	-0.773718	-0.773718	-0.773718	-0.773718	
1.304	1.24345	-0.143957	-0.0719784	-1.38741	-1.38741	-1.38741	-1.38741	
1.306	1.84062	-0.138407	-0.0692036	-1.97903	-1.97903	-1.97903	-1.97903	
1.308	2.40877	-0.130491	-0.0652455	-2.53926	-2.53926	-2.53926	-2.53926	
1.31	2.93893	-0.120334	-0.060167	-3.05926	-3.05926	-3.05926	-3.05926	
1.312	3.42274	-0.108097	-0.0540485	-3.53083	-3.53083	-3.53083	-3.53083	
1.314	3.85257	-0.0939736	-0.0469868	-3.94654	-3.94654	-3.94654	-3.94654	
1.316	4.22164	-0.0781874	-0.0390937	-4.29983	-4.29983	-4.29983	-4.29983	
1.318	4.52414	-0.0609881	-0.0304941	-4.58512	-4.58512	-4.58512	-4.58512	
1.32	4.75528	-0.0426476	-0.0213238	-4.79793	-4.79793	-4.79793	-4.79793	
1.322	4.91144	-0.0234559	-0.0117279	-4.93489	-4.93489	-4.93489	-4.93489	
1.324	4.99013	-0.00371633	-0.00185817	-4.99385	-4.99385	-4.99385	-4.99385	
1.326	4.99013	0.0162591	0.00812953	-4.97387	-4.97387	-4.97387	-4.97387	
1.328	4.91144	0.0361546	0.0180773	-4.87528	-4.87528	-4.87528	-4.87528	
1.33	4.75528	0.0556557	0.0278278	-4.69963	-4.69963	-4.69963	-4.69963	
1.332	4.52414	0.0744542	0.0372271	-4.44968	-4.44968	-4.44968	-4.44968	
1.334	4.22164	0.0922529	0.0461265	-4.12939	-4.12939	-4.12939	-4.12939	
1.336	3.85257	0.10877	0.0543852	-3.7438	-3.7438	-3.7438	-3.7438	
1.338	3.42274	0.123746	0.0618728	-3.29899	-3.29899	-3.29899	-3.29899	
1.34	2.93893	0.136942	0.0684708	-2.80198	-2.80198	-2.80198	-2.80198	
1.342	2.40877	0.14815	0.0740748	-2.26062	-2.26062	-2.26062	-2.26062	
1.344	1.84062	0.157192	0.078596	-1.68343	-1.68343	-1.68343	-1.68343	
1.346	1.24345	0.163926	0.0819629	-1.07952	-1.07952	-1.07952	-1.07952	
1.348	0.626666	0.168244	0.0841219	-0.458422	-0.458422	-0.458422	-0.458422	
1.35	-3.20975e-13	0.170078	0.0850388	0.170078	0.170078	0.170078	0.170078	
1.352	-0.626666	0.169397	0.0846986	0.796063	0.796063	0.796063	0.796063	
1.354	-1.24345	0.166213	0.0831065	1.40966	1.40966	1.40966	1.40966	
1.356	-1.84062	0.160574	0.0802872	2.0012	2.0012	2.0012	2.0012	
1.358	-2.40877	0.15257	0.0762848	2.56134	2.56134	2.56134	2.56134	
1.36	-2.93893	0.142324	0.0711621	3.08125	3.08125	3.08125	3.08125	
1.362	-3.42274	0.129999	0.0649996	3.55273	3.55273	3.55273	3.55273	
1.364	-3.85257	0.115788	0.0578941	3.96835	3.96835	3.96835	3.96835	
1.366	-4.22164	0.0999148	0.0499574	4.32155	4.32155	4.32155	4.32155	
1.368	-4.52414	0.0826286	0.0413143	4.60676	4.60676	4.60676	4.60676	
1.37	-4.75528	0.0642016	0.0321008	4.81948	4.81948	4.81948	4.81948	
1.372	-4.91144	0.0449236	0.0224618	4.95636	4.95636	4.95636	4.95636	
1.374	-4.99013	0.0250982	0.0125491	5.01523	5.01523	5.01523	5.01523	
1.376	-4.99013	0.00503725	0.00251862	4.99517	4.99517	4.99517	4.99517	
1.378	-4.91144	-0.0149434	-0.00747172	4.89649	4.89649	4.89649	4.89649	
1.38	-4.75528	-0.0345294	-0.0172647	4.72075	4.72075	4.72075	4.72075	
1.382	-4.52414	-0.0534124	-0.0267062	4.47072	4.47072	4.47072	4.47072	
1.384	-4.22164	-0.0712953	-0.0356477	4.15034	4.15034	4.15034	4.15034	
1.386	-3.85257	-0.0878967	-0.0439483	3.76467	3.76467	3.76467	3.76467	
1.388	-3.42274	-0.102955	-0.0514777	3.31978	3.31978	3.31978	3.31978	
1.39	-2.93893	-0.116234	-0.0581172	2.82269	2.82269	2.82269	2.82269	
1.392	-2.40877	-0.127525	-0.0637626	2.28124	2.28124	2.28124	2.28124	
1.394	-1.84062	-0.13665	-0.0683251	1.70397	1.70397	1.70397	1.70397	
1.396	-1.24345	-0.143466	-0.0717331	1.09998	1.09998	1.09998	1.09998	
1.398	-0.626666	-0.147866	-0.073933	0.4788	0.4788	0.4788	0.4788	
1.4	3.38126e-13	-0.149781	-0.0748906	-0.149781	-0.149781	-0.149781	-0.149781	
1.402	0.626666	-0.149182	-0.0745911	-0.775848	-0.775848	-0.775848	-0.775848	
1.404	1.24345	-0.146079	-0.0730394	-1.38953	-1.38953	-1.38953	-1.38953	
1.406	1.84062	-0.140521	-0.0702603	-1.98114	-1.98114	-1.98114	-1.98114	
1.408	2.40877	-0.132596	-0.066298	-2.54136	-2.54136	-2.54136	-2.54136	
1.41	2.93893	-0.122431	-0.0612153	-3.06136	-3.06136	-3.06136	-3.06136	
1.412	3.42274	-0.110185	-0.0550926	-3.53292	-3.53292	-3.53292	-3.53292	
1.414	3.85257	-0.0960535	-0.0480267	-3.94862	-3.94862	-3.94862	-3.94862	
1.416	4.22164	-0.080259	-0.0401295	-4.3019	-4.3019	-4.3019	-4.3019	
1.418	4.52414	-0.0630514	-0.0315257	-4.58719	-4.58719	-4.58719	-4.58719	
1.42	4.75528	-0.0447027	-0.0223513	-4.79999	-4.79999	-4.79999	-4.79999	
1.422	4.91144	-0.0255027	-0.0127514	-4.93694	-4.93694	-4.93694	-4.93694	
1.424	4.99013	-0.00575496	-0.00287748	-4.99589	-4.99589	-4.99589	-4.99589	
1.426	4.99013	0.0142286	0.0071143	-4.97591	-4.97591	-4.97591	-4.97591	
1.428	4.91144	0.0341322	0.0170661	-4.8773	-4.8773	-4.8773	-4.8773	
1.43	4.75528	0.0536414	0.0268207	-4.70164	-4.70164	-4.70164	-4.70164	
1.432	4.52414	0.072448	0.036224	-4.45169	-4.45169	-4.45169	-4.45169	
1.434	4.22164	0.0902547	0.0451274	-4.13138	-4.13138	-4.13138	-4.13138	
1.436	3.85257	0.10678	0.0533901	-3.74579	-3.74579	-3.74579	-3.74579	
1.438	3.42274	0.121763	0.0608817	-3.30097	-3.30097	-3.30097	-3.30097	
1.44	2.93893	0.134967	0.0674837	-2.80396	-2.80396	-2.80396	-2.80396	
1.442	2.40877	0.146183	0.0730916	-2.26259	-2.26259	-2.26259	-2.26259	
1.444	1.84062	0.155233	0.0776167	-1.68539	-1.68539	-1.68539	-1.68539	
1.446	1.24345	0.161975	0.0809875	-1.08147	-1.08147	-1.08147	-1.08147	
1.448	0.626666	0.166301	0.0831505	-0.460365	-0.460365	-0.460365	-0.460365	
1.45	-2.84223e-13	0.168142	0.0840712	0.168142	0.168142	0.168142	0.168142	
1.452	-0.626666	0.16747	0.0837349	0.794136	0.794136	0.794136	0.794136	
1.454	-1.24345	0.164293	0.0821466	1.40774	1.40774	1.40774	1.40774	
1.456	-1.84062	0.158662	0.0793312	1.99929	1.99929	1.99929	1.99929	
1.458	-2.40877	0.150665	0.0753326	2.55943	2.55943	2.55943	2.55943	
1.46	-2.93893	0.140427	0.0702137	3.07935	3.07935	3.07935	3.07935	
1.462	-3.42274	0.12811	0.064055	3.55085	3.55085	3.55085	3.55085	
1.464	-3.85257	0.113907	0.0569533	3.96647	3.96647	3.96647	3.96647	
1.466	-4.22164	0.0980408	0.0490204	4.31968	4.31968	4.31968	4.31968	
1.468	-4.52414	0.080762	0.040381	4.6049	4.6049	4.6049	4.6049	
1.47	-4.75528	0.0623424	0.0311712	4.81763	4.81763	4.81763	4.81763	
1.472	-4.91144	0.0430719	0.021536	4.95451	4.95451	4.95451	4.95451	
1.474	-4.99013	0.0232539	0.011627	5.01339	5.01339	5.01339	5.01339	
1.476	-4.99013	0.00320037	0.00160018	4.99333	4.99333	4.99333	4.99333	
1.478	-4.91144	-0.016773	-0.00838649	4.89466	4.89466	4.89466	4.89466	
1.48	-4.75528	-0.0363516	-0.0181758	4.71893	4.71893	4.71893	4.71893	
1.482	-4.52414	-0.0552273	-0.0276137	4.46891	4.46891	4.46891	4.46891	
1.484	-4.22164	-0.073103	-0.0365515	4.14854	4.14854	4.14854	4.14854	
1.486	-3.85257	-0.0896971	-0.0448486	3.76287	3.76287	3.76287	3.76287	
1.488	-3.42274	-0.104749	-0.0523743	3.31799	3.31799	3.31799	3.31799	
1.49	-2.93893	-0.118021	-0.0590103	2.82091	2.82091	2.82091	2.82091	
1.492	-2.40877	-0.129304	-0.0646521	2.27946	2.27946	2.27946	2.27946	
1.494	-1.84062	-0.138422	-0.069211	1.7022	1.7022	1.7022	1.7022	
1.496	-1.24345	-0.145231	-0.0726154	1.09822	1.09822	1.09822	1.09822	
1.498	-0.626666	-0.149624	-0.0748119	0.477042	0.477042	0.477042	0.477042	
1.5	3.01375e-13	-0.151532	-0.0757659	-0.151532	-0.151532	-0.151532	-0.151532	
1.502	0.626666	-0.150926	-0.0754629	-0.777592	-0.777592	-0.777592	-0.777592	
1.504	1.24345	-0.147815	-0.0739077	-1.39126	-1.39126	-1.39126	-1.39126	
1.506	1.84062	-0.14225	-0.0711252	-1.98287	-1.98287	-1.98287	-1.98287	
1.508	2.40877	-0.134319	-0.0671594	-2.54309	-2.54309	-2.54309	-2.54309	
1.51	2.93893	-0.124146	-0.0620732	-3.06307	-3.06307	-3.06307	-3.06307	
1.512	3.42274	-0.111894	-0.0559471	-3.53463	-3.53463	-3.53463	-3.53463	
1.514	3.85257	-0.0977557	-0.0488778	-3.95032	-3.95032	-3.95032	-3.95032	
1.516	4.22164	-0.0819544	-0.0409772	-4.30359	-4.30359	-4.30359	-4.30359	
1.518	4.52414	-0.06474	-0.03237	-4.58888	-4.58888	-4.58888	-4.58888	
1.52	4.75528	-0.0463845	-0.0231923	-4.80167	-4.80167	-4.80167	-4.80167	
1.522	4.91144	-0.0271778	-0.0135889	-4.93861	-4.93861	-4.93861	-4.93861	
1.524	4.99013	-0.00742338	-0.00371169	-4.99756	-4.99756	-4.99756	-4.99756	
1.526	4.99013	0.0125668	0.00628342	-4.97757	-4.97757	-4.97757	-4.97757	
1.528	4.91144	0.0324771	0.0162386	-4.87896	-4.87896	-4.87896	-4.87896	
1.53	4.75528	0.051993	0.0259965	-4.70329	-4.70329	-4.70329	-4.70329	
1.532	4.52414	0.0708061	0.0354031	-4.45333	-4.45333	-4.45333	-4.45333	
1.534	4.22164	0.0886194	0.0443097	-4.13302	-4.13302	-4.13302	-4.13302	
1.536	3.85257	0.105152	0.0525758	-3.74741	-3.74741	-3.74741	-3.74741	
1.538	3.42274	0.120141	0.0600706	-3.30259	-3.30259	-3.30259	-3.30259	
1.54	2.93893	0.133352	0.0666758	-2.80557	-2.80557	-2.80557	-2.80557	
1.542	2.40877	0.144574	0.0722869	-2.26419	-2.26419	-2.26419	-2.26419	
1.544	1.84062	0.153631	0.0768153	-1.68699	-1.68699	-1.68699	-1.68699	
1.546	1.24345	0.160379	0.0801893	-1.08307	-1.08307	-1.08307	-1.08307	
1.548	0.626666	0.164711	0.0823554	-0.461955	-0.461955	-0.461955	-0.461955	
1.55	-3.18526e-13	0.166559	0.0832793	0.166559	0.166559	0.166559	0.166559	
1.552	-0.626666	0.165892	0.0829462	0.792559	0.792559	0.792559	0.792559	
1.554	-1.24345	0.162722	0.0813611	1.40617	1.40617	1.40617	1.40617	
1.556	-1.84062	0.157098	0.0785488	1.99772	1.99772	1.99772	1.99772	
1.558	-2.40877	0.149107	0.0745533	2.55788	2.55788	2.55788	2.55788	
1.56	-2.93893	0.138875	0.0694376	3.0778	3.0778	3.0778	3.0778	
1.562	-3.42274	0.126564	0.063282	3.5493	3.5493	3.5493	3.5493	
1.564	-3.85257	0.112367	0.0561834	3.96493	3.96493	3.96493	3.96493	
1.566	-4.22164	0.096507	0.0482535	4.31815	4.31815	4.31815	4.31815	
1.568	-4.52414	0.0792344	0.0396172	4.60337	4.60337	4.60337	4.60337	
1.57	-4.75528	0.060821	0.0304105	4.8161	4.8161	4.8161	4.8161	
1.572	-4.91144	0.0415565	0.0207783	4.95299	4.95299	4.95299	4.95299	
1.574	-4.99013	0.0217446	0.0108723	5.01188	5.01188	5.01188	5.01188	
1.576	-4.99013	0.00169706	0.000848528	4.99183	4.99183	4.99183	4.99183	
1.578	-4.91144	-0.0182703	-0.00913513	4.89317	4.89317	4.89317	4.89317	
1.58	-4.75528	-0.0378429	-0.0189215	4.71744	4.71744	4.71744	4.71744	
1.582	-4.52414	-0.0567127	-0.0283563	4.46742	4.46742	4.46742	4.46742	
1.584	-4.22164	-0.0745824	-0.0372912	4.14706	4.14706	4.14706	4.14706	
1.586	-3.85257	-0.0911706	-0.0455853	3.7614	3.7614	3.7614	3.7614	
1.588	-3.42274	-0.106216	-0.0531081	3.31652	3.31652	3.31652	3.31652	
1.59	-2.93893	-0.119482	-0.0597411	2.81944	2.81944	2.81944	2.81944	
1.592	-2.40877	-0.13076	-0.06538	2.27801	2.27801	2.27801	2.27801	
1.594	-1.84062	-0.139872	-0.069936	1.70075	1.70075	1.70075	1.70075	
1.596	-1.24345	-0.146675	-0.0733375	1.09677	1.09677	1.09677	1.09677	
1.598	-0.626666	-0.151062	-0.0755311	0.475604	0.475604	0.475604	0.475604	
1.6	3.35677e-13	-0.152965	-0.0764823	-0.152965	-0.152965	-0.152965	-0.152965	
1.602	0.626666	-0.152353	-0.0761764	-0.779019	-0.779019	-0.779019	-0.779019	
1.604	1.24345	-0.149237	-0.0746183	-1.39269	-1.39269	-1.39269	-1.39269	
1.606	1.84062	-0.143666	-0.071833	-1.98429	-1.98429	-1.98429	-1.98429	
1.608	2.40877	-0.135729	-0.0678644	-2.5445	-2.5445	-2.5445	-2.5445	
1.61	2.93893	-0.125551	-0.0627754	-3.06448	-3.06448	-3.06448	-3.06448	
1.612	3.42274	-0.113293	-0.0566464	-3.53603	-3.53603	-3.53603	-3.53603	
1.614	3.85257	-0.0991488	-0.0495744	-3.95171	-3.95171	-3.95171	-3.95171	
1.616	4.22164	-0.0833419	-0.0416709	-4.30498	-4.30498	-4.30498	-4.30498	
1.618	4.52414	-0.066122	-0.033061	-4.59026	-4.59026	-4.59026	-4.59026	
1.62	4.75528	-0.0477609	-0.0238805	-4.80304	-4.80304	-4.80304	-4.80304	
1.622	4.91144	-0.0285488	-0.0142744	-4.93999	-4.93999	-4.93999	-4.93999	
1.624	4.99013	-0.00878882	-0.00439441	-4.99892	-4.99892	-4.99892	-4.99892	
1.626	4.99013	0.0112069	0.00560343	-4.97893	-4.97893	-4.97893	-4.97893	
1.628	4.91144	0.0311226	0.0155613	-4.88031	-4.88031	-4.88031	-4.88031	
1.63	4.75528	0.0506438	0.0253219	-4.70464	-4.70464	-4.70464	-4.70464	
1.632	4.52414	0.0694624	0.0347312	-4.45467	-4.45467	-4.45467	-4.45467	
1.634	4.22164	0.0872811	0.0436405	-4.13436	-4.13436	-4.13436	-4.13436	
1.636	3.85257	0.103819	0.0519093	-3.74875	-3.74875	-3.74875	-3.74875	
1.638	3.42274	0.118814	0.0594068	-3.30392	-3.30392	-3.30392	-3.30392	
1.64	2.93893	0.132029	0.0660146	-2.8069	-2.8069	-2.8069	-2.8069	
1.642	2.40877	0.143257	0.0716284	-2.26551	-2.26551	-2.26551	-2.26551	
1.644	1.84062	0.152319	0.0761594	-1.6883	-1.6883	-1.6883	-1.6883	
1.646	1.24345	0.159072	0.079536	-1.08438	-1.08438	-1.08438	-1.08438	
1.648	0.626666	0.16341	0.0817048	-0.463257	-0.463257	-0.463257	-0.463257	
1.65	-3.52828e-13	0.165263	0.0826313	0.165263	0.165263	0.165263	0.165263	
1.652	-0.626666	0.164602	0.0823008	0.791268	0.791268	0.791268	0.791268	
1.654	-1.24345	0.161436	0.0807182	1.40489	1.40489	1.40489	1.40489	
1.656	-1.84062	0.155817	0.0779085	1.99644	1.99644	1.99644	1.99644	
1.658	-2.40877	0.147831	0.0739156	2.5566	2.5566	2.5566	2.5566	
1.66	-2.93893	0.137605	0.0688024	3.07653	3.07653	3.07653	3.07653	
1.662	-3.42274	0.125299	0.0626493	3.54803	3.54803	3.54803	3.54803	
1.664	-3.85257	0.111106	0.0555532	3.96367	3.96367	3.96367	3.96367	
1.666	-4.22164	0.0952518	0.0476259	4.31689	4.31689	4.31689	4.31689	
1.668	-4.52414	0.0779842	0.0389921	4.60212	4.60212	4.60212	4.60212	
1.67	-4.75528	0.0595758	0.0297879	4.81486	4.81486	4.81486	4.81486	
1.672	-4.91144	0.0403163	0.0201582	4.95175	4.95175	4.95175	4.95175	
1.674	-4.99013	0.0205093	0.0102547	5.01064	5.01064	5.01064	5.01064	
1.676	-4.99013	0.000466744	0.000233372	4.9906	4.9906	4.9906	4.9906	
1.678	-4.91144	-0.0194957	-0.00974783	4.89194	4.89194	4.89194	4.89194	
1.68	-4.75528	-0.0390634	-0.0195317	4.71622	4.71622	4.71622	4.71622	
1.682	-4.52414	-0.0579283	-0.0289641	4.46621	4.46621	4.46621	4.46621	
1.684	-4.22164	-0.0757931	-0.0378966	4.14585	4.14585	4.14585	4.14585	
1.686	-3.85257	-0.0923765	-0.0461883	3.76019	3.76019	3.76019	3.76019	
1.688	-3.42274	-0.107417	-0.0537086	3.31532	3.31532	3.31532	3.31532	
1.69	-2.93893	-0.120679	-0.0603393	2.81825	2.81825	2.81825	2.81825	
1.692	-2.40877	-0.131952	-0.0659758	2.27682	2.27682	2.27682	2.27682	
1.694	-1.84062	-0.141059	-0.0705294	1.69956	1.69956	1.69956	1.69956	
1.696	-1.24345	-0.147857	-0.0739285	1.09559	1.09559	1.09559	1.09559	
1.698	-0.626666	-0.152239	-0.0761197	0.474427	0.474427	0.474427	0.474427	
1.7	3.6998e-13	-0.154137	-0.0770686	-0.154137	-0.154137	-0.154137	-0.154137	
1.702	0.626666	-0.153521	-0.0767603	-0.780187	-0.780187	-0.780187	-0.780187	
1.704	1.24345	-0.1504	-0.0751999	-1.39385	-1.39385	-1.39385	-1.39385	
1.706	1.84062	-0.144824	-0.0724122	-1.98545	-1.98545	-1.98545	-1.98545	
1.708	2.40877	-0.136883	-0.0684413	-2.54565	-2.54565	-2.54565	-2.54565	
1.71	2.93893	-0.1267	-0.06335	-3.06563	-3.06563	-3.06563	-3.06563	
1.712	3.42274	-0.114438	-0.0572188	-3.53717	-3.53717	-3.53717	-3.53717	
1.714	3.85257	-0.100289	-0.0501444	-3.95286	-3.95286	-3.95286	-3.95286	
1.716	4.22164	-0.0844774	-0.0422387	-4.30612	-4.30612	-4.30612	-4.30612	
1.718	4.52414	-0.067253	-0.0336265	-4.59139	-4.59139	-4.59139	-4.59139	
1.72	4.75528	-0.0488874	-0.0244437	-4.80417	-4.80417	-4.80417	-4.80417	
1.722	4.91144	-0.0296707	-0.0148354	-4.94111	-4.94111	-4.94111	-4.94111	
1.724	4.99013	-0.0099063	-0.00495315	-5.00004	-5.00004	-5.00004	-5.00004	
1.726	4.99013	0.0100939	0.00504693	-4.98004	-4.98004	-4.98004	-4.98004	
1.728	4.91144	0.030014	0.015007	-4.88142	-4.88142	-4.88142	-4.88142	
1.73	4.75528	0.0495397	0.0247699	-4.70574	-4.70574	-4.70574	-4.70574	
1.732	4.52414	0.0683627	0.0341813	-4.45577	-4.45577	-4.45577	-4.45577	
1.734	4.22164	0.0861858	0.0430929	-4.13545	-4.13545	-4.13545	-4.13545	
1.736	3.85257	0.102728	0.0513638	-3.74984	-3.74984	-3.74984	-3.74984	
1.738	3.42274	0.117727	0.0588635	-3.30501	-3.30501	-3.30501	-3.30501	
1.74	2.93893	0.130947	0.0654735	-2.80798	-2.80798	-2.80798	-2.80798	
1.742	2.40877	0.142179	0.0710894	-2.26659	-2.26659	-2.26659	-2.26659	
1.744	1.84062	0.151245	0.0756226	-1.68938	-1.68938	-1.68938	-1.68938	
1.746	1.24345	0.158003	0.0790014	-1.08545	-1.08545	-1.08545	-1.08545	
1.748	0.626666	0.162345	0.0811723	-0.464322	-0.464322	-0.464322	-0.464322	
1.75	-3.87131e-13	0.164202	0.0821009	0.164202	0.164202	0.164202	0.164202	
1.752	-0.626666	0.163545	0.0817725	0.790211	0.790211	0.790211	0.790211	
1.754	-1.24345	0.160384	0.0801921	1.40383	1.40383	1.40383	1.40383	
1.756	-1.84062	0.154769	0.0773844	1.99539	1.99539	1.99539	1.99539	
1.758	-2.40877	0.146787	0.0733936	2.55556	2.55556	2.55556	2.55556	
1.76	-2.93893	0.136565	0.0682825	3.07549	3.07549	3.07549	3.07549	
1.762	-3.42274	0.124263	0.0621315	3.547	3.547	3.547	3.547	
1.764	-3.85257	0.110075	0.0550375	3.96264	3.96264	3.96264	3.96264	
1.766	-4.22164	0.0942245	0.0471123	4.31586	4.31586	4.31586	4.31586	
1.768	-4.52414	0.0769611	0.0384805	4.6011	4.6011	4.6011	4.6011	
1.77	-4.75528	0.0585567	0.0292783	4.81384	4.81384	4.81384	4.81384	
1.772	-4.91144	0.0393013	0.0196507	4.95074	4.95074	4.95074	4.95074	
1.774	-4.99013	0.0194984	0.00974919	5.00963	5.00963	5.00963	5.00963	
1.776	-4.99013	-0.000540146	-0.000270073	4.98959	4.98959	4.98959	4.98959	
1.778	-4.91144	-0.0204985	-0.0102493	4.89094	4.89094	4.89094	4.89094	
1.78	-4.75528	-0.0400623	-0.0200311	4.71522	4.71522	4.71522	4.71522	
1.782	-4.52414	-0.0589232	-0.0294616	4.46521	4.46521	4.46521	4.46521	
1.784	-4.22164	-0.076784	-0.038392	4.14486	4.14486	4.14486	4.14486	
1.786	-3.85257	-0.0933634	-0.0466817	3.7592	3.7592	3.7592	3.7592	
1.788	-3.42274	-0.1084	-0.0542001	3.31434	3.31434	3.31434	3.31434	
1.79	-2.93893	-0.121658	-0.0608288	2.81727	2.81727	2.81727	2.81727	
1.792	-2.40877	-0.132927	-0.0664633	2.27584	2.27584	2.27584	2.27584	
1.794	-1.84062	-0.14203	-0.071015	1.69859	1.69859	1.69859	1.69859	
1.796	-1.24345	-0.148824	-0.0744122	1.09463	1.09463	1.09463	1.09463	
1.798	-0.626666	-0.153203	-0.0766014	0.473463	0.473463	0.473463	0.473463	
1.8	4.04282e-13	-0.155097	-0.0775484	-0.155097	-0.155097	-0.155097	-0.155097	
1.802	0.626666	-0.154476	-0.0772382	-0.781143	-0.781143	-0.781143	-0.781143	
1.804	1.24345	-0.151352	-0.0756759	-1.3948	-1.3948	-1.3948	-1.3948	
1.806	1.84062	-0.145773	-0.0728863	-1.9864	-1.9864	-1.9864	-1.9864	
1.808	2.40877	-0.137827	-0.0689135	-2.5466	-2.5466	-2.5466	-2.5466	
1.81	2.93893	-0.127641	-0.0638203	-3.06657	-3.06657	-3.06657	-3.06657	
1.812	3.42274	-0.115374	-0.0576872	-3.53811	-3.53811	-3.53811	-3.53811	
1.814	3.85257	-0.101222	-0.050611	-3.95379	-3.95379	-3.95379	-3.95379	
1.816	4.22164	-0.0854068	-0.0427034	-4.30705	-4.30705	-4.30705	-4.30705	
1.818	4.52414	-0.0681786	-0.0340893	-4.59231	-4.59231	-4.59231	-4.59231	
1.82	4.75528	-0.0498093	-0.0249047	-4.80509	-4.80509	-4.80509	-4.80509	
1.822	4.91144	-0.0305889	-0.0152945	-4.94203	-4.94203	-4.94203	-4.94203	
1.824	4.99013	-0.0108208	-0.00541042	-5.00095	-5.00095	-5.00095	-5.00095	
1.826	4.99013	0.00918297	0.00459149	-4.98095	-4.98095	-4.98095	-4.98095	
1.828	4.91144	0.0291068	0.0145534	-4.88233	-4.88233	-4.88233	-4.88233	
1.83	4.75528	0.0486361	0.024318	-4.70665	-4.70665	-4.70665	-4.70665	
1.832	4.52414	0.0674627	0.0337313	-4.45667	-4.45667	-4.45667	-4.45667	
1.834	4.22164	0.0852894	0.0426447	-4.13635	-4.13635	-4.13635	-4.13635	
1.836	3.85257	0.101835	0.0509174	-3.75073	-3.75073	-3.75073	-3.75073	
1.838	3.42274	0.116838	0.0584188	-3.3059	-3.3059	-3.3059	-3.3059	
1.84	2.93893	0.130061	0.0650306	-2.80886	-2.80886	-2.80886	-2.80886	
1.842	2.40877	0.141297	0.0706484	-2.26747	-2.26747	-2.26747	-2.26747	
1.844	1.84062	0.150367	0.0751833	-1.69026	-1.69026	-1.69026	-1.69026	
1.846	1.24345	0.157128	0.0785638	-1.08632	-1.08632	-1.08632	-1.08632	
1.848	0.626666	0.161473	0.0807365	-0.465193	-0.465193	-0.465193	-0.465193	
1.85	-4.21433e-13	0.163334	0.0816669	0.163334	0.163334	0.163334	0.163334	
1.852	-0.626666	0.16268	0.0813402	0.789347	0.789347	0.789347	0.789347	
1.854	-1.24345	0.159523	0.0797615	1.40297	1.40297	1.40297	1.40297	
1.856	-1.84062	0.153911	0.0769556	1.99453	1.99453	1.99453	1.99453	
1.858	-2.40877	0.145933	0.0729665	2.5547	2.5547	2.5547	2.5547	
1.86	-2.93893	0.135714	0.0678571	3.07464	3.07464	3.07464	3.07464	
1.862	-3.42274	0.123416	0.0617078	3.54615	3.54615	3.54615	3.54615	
1.864	-3.85257	0.109231	0.0546155	3.9618	3.9618	3.9618	3.9618	
1.866	-4.22164	0.0933838	0.0466919	4.31502	4.31502	4.31502	4.31502	
1.868	-4.52414	0.0761237	0.0380619	4.60026	4.60026	4.60026	4.60026	
1.87	-4.75528	0.0577227	0.0288613	4.81301	4.81301	4.81301	4.81301	
1.872	-4.91144	0.0384707	0.0192353	4.94991	4.94991	4.94991	4.94991	
1.874	-4.99013	0.018671	0.00933552	5.0088	5.0088	5.0088	5.0088	
1.876	-4.99013	-0.00136419	-0.000682094	4.98877	4.98877	4.98877	4.98877	
1.878	-4.91144	-0.0213193	-0.0106596	4.89012	4.89012	4.89012	4.89012	
1.88	-4.75528	-0.0408797	-0.0204399	4.7144	4.7144	4.7144	4.7144	
1.882	-4.52414	-0.0597373	-0.0298687	4.4644	4.4644	4.4644	4.4644	
1.884	-4.22164	-0.0775949	-0.0387975	4.14404	4.14404	4.14404	4.14404	
1.886	-3.85257	-0.0941711	-0.0470856	3.7584	3.7584	3.7584	3.7584	
1.888	-3.42274	-0.109205	-0.0546023	3.31353	3.31353	3.31353	3.31353	
1.89	-2.93893	-0.122459	-0.0612294	2.81647	2.81647	2.81647	2.81647	
1.892	-2.40877	-0.133725	-0.0668623	2.27504	2.27504	2.27504	2.27504	
1.894	-1.84062	-0.142825	-0.0714124	1.6978	1.6978	1.6978	1.6978	
1.896	-1.24345	-0.149616	-0.074808	1.09383	1.09383	1.09383	1.09383	
1.898	-0.626666	-0.153991	-0.0769957	0.472675	0.472675	0.472675	0.472675	
1.9	4.38584e-13	-0.155882	-0.077941	-0.155882	-0.155882	-0.155882	-0.155882	
1.902	0.626666	-0.155259	-0.0776293	-0.781925	-0.781925	-0.781925	-0.781925	
1.904	1.24345	-0.152131	-0.0760654	-1.39558	-1.39558	-1.39558	-1.39558	
1.906	1.84062	-0.146549	-0.0732743	-1.98717	-1.98717	-1.98717	-1.98717	
1.908	2.40877	-0.1386	-0.0692999	-2.54737	-2.54737	-2.54737	-2.54737	
1.91	2.93893	-0.12841	-0.0642052	-3.06734	-3.06734	-3.06734	-3.06734	
1.912	3.42274	-0.116141	-0.0580705	-3.53888	-3.53888	-3.53888	-3.53888	
1.914	3.85257	-0.101986	-0.0509928	-3.95455	-3.95455	-3.95455	-3.95455	
1.916	4.22164	-0.0861673	-0.0430837	-4.30781	-4.30781	-4.30781	-4.30781	
1.918	4.52414	-0.0689361	-0.034468	-4.59307	-4.59307	-4.59307	-4.59307	
1.92	4.75528	-0.0505638	-0.0252819	-4.80585	-4.80585	-4.80585	-4.80585	
1.922	4.91144	-0.0313404	-0.0156702	-4.94278	-4.94278	-4.94278	-4.94278	
1.924	4.99013	-0.0115693	-0.00578466	-5.0017	-5.0017	-5.0017	-5.0017	
1.926	4.99013	0.0084375	0.00421875	-4.9817	-4.9817	-4.9817	-4.9817	
1.928	4.91144	0.0283643	0.0141821	-4.88307	-4.88307	-4.88307	-4.88307	
1.93	4.75528	0.0478966	0.0239483	-4.70739	-4.70739	-4.70739	-4.70739	
1.932	4.52414	0.0667261	0.0333631	-4.45741	-4.45741	-4.45741	-4.45741	
1.934	4.22164	0.0845557	0.0422779	-4.13708	-4.13708	-4.13708	-4.13708	
1.936	3.85257	0.101104	0.050552	-3.75146	-3.75146	-3.75146	-3.75146	
1.938	3.42274	0.11611	0.058055	-3.30663	-3.30663	-3.30663	-3.30663	
1.94	2.93893	0.129336	0.0646682	-2.80959	-2.80959	-2.80959	-2.80959	
1.942	2.40877	0.140575	0.0702874	-2.26819	-2.26819	-2.26819	-2.26819	
1.944	1.84062	0.149648	0.0748238	-1.69098	-1.69098	-1.69098	-1.69098	
1.946	1.24345	0.156411	0.0782057	-1.08704	-1.08704	-1.08704	-1.08704	
1.948	0.626666	0.16076	0.0803798	-0.465907	-0.465907	-0.465907	-0.465907	
1.95	-4.55736e-13	0.162623	0.0813116	0.162623	0.162623	0.162623	0.162623	
1.952	-0.626666	0.161973	0.0809864	0.788639	0.788639	0.788639	0.788639	
1.954	-1.24345	0.158818	0.0794091	1.40227	1.40227	1.40227	1.40227	
1.956	-1.84062	0.153209	0.0766046	1.99383	1.99383	1.99383	1.99383	
1.958	-2.40877	0.145234	0.0726169	2.554	2.554	2.554	2.554	
1.96	-2.93893	0.135018	0.0675089	3.07394	3.07394	3.07394	3.07394	
1.962	-3.42274	0.122722	0.061361	3.54546	3.54546	3.54546	3.54546	
1.964	-3.85257	0.10854	0.0542701	3.96111	3.96111	3.96111	3.96111	
1.966	-4.22164	0.0926958	0.0463479	4.31434	4.31434	4.31434	4.31434	
1.968	-4.52414	0.0754384	0.0377192	4.59957	4.59957	4.59957	4.59957	
1.97	-4.75528	0.0570401	0.0285201	4.81232	4.81232	4.81232	4.81232	
1.972	-4.91144	0.0377908	0.0188954	4.94923	4.94923	4.94923	4.94923	
1.974	-4.99013	0.0179939	0.00899696	5.00813	5.00813	5.00813	5.00813	
1.976	-4.99013	-0.00203859	-0.00101929	4.9881	4.9881	4.9881	4.9881	
1.978	-4.91144	-0.021991	-0.0109955	4.88945	4.88945	4.88945	4.88945	
1.98	-4.75528	-0.0415487	-0.0207744	4.71373	4.71373	4.71373	4.71373	
1.982	-4.52414	-0.0604037	-0.0302018	4.46373	4.46373	4.46373	4.46373	
1.984	-4.22164	-0.0782586	-0.0391293	4.14338	4.14338	4.14338	4.14338	
1.986	-3.85257	-0.0948321	-0.0474161	3.75773	3.75773	3.75773	3.75773	
1.988	-3.42274	-0.109863	-0.0549315	3.31287	3.31287	3.31287	3.31287	
1.99	-2.93893	-0.123115	-0.0615573	2.81581	2.81581	2.81581	2.81581	
1.992	-2.40877	-0.134378	-0.0671889	2.27439	2.27439	2.27439	2.27439	
1.994	-1.84062	-0.143475	-0.0717377	1.69715	1.69715	1.69715	1.69715	
1.996	-1.24345	-0.150264	-0.075132	1.09319	1.09319	1.09319	1.09319	
1.998	-0.626666	-0.154637	-0.0773183	0.472029	0.472029	0.472029	0.472029	
2	-2.44929e-14	-0.156525	-0.0782624	-0.156525	-0.156525	-0.156525	-0.156525	
